29 6520 7985 2982 5976 7036 3557 7910 8895 9017 7531 7794 8327 787 1849 7258 2045 4888 9007 3307 7038 5231 6020 4582 94 7244 3348 4452 295 9608
20 262 9670 7992 808 1088 2931 1463 234 57 1069 2715 8536 9173 7898 2008 5126 5453 3704 872 3481
35 9702 9105 577 5473 6942 3336 1001 2861 7949 3192 3819 708 1687 8526 5618 4865 5538 8059 3 9468 1807 6270 4926 5731 6746 4422 6931 36 4769 3006 8189 6170 5745 3597 7959
19 2007 4836 2155 9481 2481 3742 8067 8020 5547 3687 5621 3968 6452 5685 7302 6203 4991 7166 3386
35 9099 2648 7094 640 1195 3860 6948 6011 4522 8768 8647 4776 2303 2938 1136 1361 4235 6687 9276 5521 4378 335 6095 675 3260 952 5901 9139 9987 7062 5855 7115 4622 1482 6157
20 4144 3299 220 1615 720 4032 5802 2695 7562 5401 7490 6307 2282 3989 51 5557 6272 6757 2448 9371
29 7904 4772 6863 1776 984 4538 3185 1285 5462 9792 7709 8839 914 8368 2417 743 5540 283 7303 6295 3854 3907 1765 657 5925 6748 8763 6549 8532
23 2343 124 2496 7117 4877 5837 5089 762 7771 3300 2525 2940 880 3064 656 3590 4487 5411 4559 2822 9787 9076 9756
17 5317 8875 4194 9128 8609 5296 7972 8364 2124 3455 8375 3945 5139 7785 8602 7715 4022
8 4898 2090 1674 3634 2527 62 9459 9471
31 8452 1624 5711 101 5936 6057 2175 6506 1038 162 6813 843 3820 7718 6733 8498 4751 5875 4421 1607 1031 1460 7340 7084 3857 6567 6715 7489 163 1400 7424
26 7329 731 59 7440 4763 1323 9619 3689 6034 7723 9777 911 8898 7908 9313 7268 341 4474 3102 9795 8174 727 367 3631 5509 213
29 6363 3347 7706 8702 2875 7654 658 3106 2406 6989 1275 2484 9119 5431 4756 1051 4128 8817 9969 2040 5105 7543 972 8740 5168 5515 9399 5651 1182
28 5864 5419 8050 1084 2888 7328 1360 5258 9364 5670 1127 9319 4117 1810 6975 3089 1398 5944 4459 4056 9016 3958 8171 8540 7588 9956 9418 2354
24 2693 3126 1451 8120 7472 8971 1314 2195 2170 7865 7300 7312 5720 8386 7807 7458 9933 3914 5992 1505 7082 491 1531 3285
8 1480 9407 9900 4434 6186 9184 8967 4773
34 5739 210 856 5892 8985 3146 6100 8409 2341 8666 5766 2623 6973 8308 2304 470 4702 5558 9738 5986 1401 6021 8960 5206 1652 5467 9724 1254 2872 7304 2032 1769 9978 3460
19 6072 2449 7199 6266 3601 3437 8600 2374 4304 7731 7528 6058 1828 1078 5347 9889 8205 9287 391
32 7003 5434 3817 9966 5155 4984 7598 2456 394 3745 3180 4555 8127 1800 6639 4327 4701 1919 6355 951 5582 3741 4639 6925 6394 9250 5390 5162 114 9683 7410 2756
13 8606 4808 5394 7521 6065 568 5388 8587 8172 1173 5819 3560 8201
18 7882 5755 7402 5244 2686 5581 3930 3432 8511 5068 8909 2502 2313 7455 1409 6274 4557 3452
26 8070 7341 5403 3545 9190 5006 3218 4805 2924 5548 2165 3883 9937 3093 3800 6179 4601 6224 4704 7385 9461 2151 6868 9839 766 6391
28 2298 6804 3678 265 2684 251 8911 9462 8646 8597 8729 4988 625 9632 8436 4546 9035 8354 4113 1518 3753 5906 5909 4493 2257 3551 8459 7130
34 3905 4021 4424 1873 7017 3750 3124 8320 3009 1916 4509 1187 1013 9945 3053 494 8307 6768 7568 541 1218 8249 6737 9338 5045 4125 7552 5761 2553 5269 5600 4348 6761 5640
20 7314 3365 4138 5284 6832 7257 9382 6949 8 2922 6574 2028 7 8560 6027 8252 9499 3969 936 9621
21 2491 7524 620 3109 3657 1906 1643 9705 2256 9263 4419 6241 3961 7022 2281 2786 1558 1542 7504 751 4483
23 2735 1332 115 1521 662 4437 9528 3338 2989 5154 8623 4389 9806 514 4543 4752 9827 4676 6366 3288 6086 8053 4818
17 6462 8041 2933 5984 6595 8906 3960 7612 6340 1590 469 651 4367 8528 6996 9449 3227
27 7028 4203 5491 4118 1421 4465 6306 9412 5759 705 1454 564 3921 538 3837 6260 4055 5181 7944 9640 3145 4089 9655 2668 7375 3700 7789
24 881 3831 4883 3469 8684 3899 5134 8842 9340 699 7873 5638 517 7296 9797 2250 5305 6148 7812 7518 9280 8799 2565 2445
28 39 816 2703 8601 7999 181 258 2349 9204 2126 4674 7797 9859 1397 8545 7902 9642 5783 7034 9484 7784 7962 9931 5396 2680 9162 5977 1649
14 9509 6324 1005 6583 3325 5301 7283 889 6708 5147 9008 2162 5379 669
29 3187 2330 1470 7672 345 9939 3423 6838 2447 554 6369 4782 4935 5040 5912 7123 9634 4261 412 5955 4091 3152 495 8556 6284 3991 5631 58 4941
9 3864 9600 8903 9505 8238 492 362 3627 3290
30 8038 9169 2968 5457 5011 6459 9599 8645 7208 2083 8914 340 4331 5543 8955 3039 2160 6584 1898 1588 3763 5171 3521 1895 5724 5545 2970 8651 5115 2095
32 6830 168 4633 256 1055 2451 618 1128 9104 7142 3041 1503 5066 6309 6329 2673 2280 3584 6823 1642 1293 4412 5829 270 431 9565 7502 6535 2182 7544 5937 8999
15 5437 8500 8054 6912 5359 8982 6334 5595 8372 2608 3769 9259 5293 1775 5483
16 4998 5202 8539 9821 1548 2535 6967 4287 8462 9878 9582 5319 7863 2590 5903 7337
18 6362 1858 5772 5131 4925 6397 1279 1998 2376 5092 2539 2475 8100 3162 1677 3713 8674 3390
22 8160 2442 2413 9559 2426 5349 7538 8158 1298 7154 9958 8574 3392 9375 1282 3587 9296 8810 5825 2953 1022 4432
30 8991 8170 1331 2276 4989 6990 1697 8978 5826 2845 9232 2197 2675 9904 6242 5208 2890 7991 1247 5677 6828 6213 4893 3144 3344 7481 5412 9601 9916 5264
34 3134 6788 9355 7665 4365 85 9472 2441 4681 5199 9238 5074 1613 4265 2062 83 8642 5423 3656 6750 8313 4916 741 7722 644 7781 3374 9398 5612 7124 1094 4813 1337 5527
8 1817 8397 6970 5360 82 6846 9131 919
28 3198 995 3906 2314 852 9720 6393 5842 5889 7232 7537 2353 1699 1940 1176 7589 3324 794 2971 9328 5947 7513 4512 1556 3659 496 9029 1547
18 4303 4802 6385 8694 28 5780 3071 6541 9616 4513 6777 810 5005 3676 7488 6052 8480 5198
23 4996 2542 2381 7941 9032 2021 3931 84 1122 4655 4231 8247 6359 2422 9026 8954 6847 2174 1068 8843 1175 3341 5508
19 6548 8441 945 2925 4446 2432 3975 6580 7638 7358 5365 4568 5489 5257 5406 3672 2990 6591 6650
16 8732 900 7086 157 1633 1123 2326 6711 7311 980 3267 3140 2944 1582 5886 7828
7 9503 8216 7346 4052 5247 8788 1599
30 9011 4151 132 6592 4552 4535 9941 2127 803 9552 4686 7610 7422 1843 97 5971 6446 6891 2057 9495 3674 6688 3396 1631 4243 5859 9717 3937 2450 7601
29 2881 1453 9828 9906 464 8701 9226 3992 4253 9950 1948 1336 676 9415 330 9883 8387 9726 6118 5735 4890 955 3826 4158 2728 7726 8510 5919 4199
18 9764 7449 5792 4529 8605 4439 9679 790 5035 5529 263 9423 6158 2086 2645 9547 8265 7273
18 7182 2638 2579 7338 4842 3934 5273 1378 8583 9251 8199 7827 3416 1532 5703 5665 894 4018
22 605 4072 4395 8733 89 1111 9117 3313 7666 5915 4806 7906 9712 4147 5363 4180 6275 1829 7251 1928 6107 8994
9 1107 7496 645 9177 2163 3647 9392 5918 8513
7 6834 7483 590 9288 9102 3230 7571
28 2605 6578 5658 950 5858 9130 1977 3785 8771 8530 4936 5384 5743 615 1074 4063 3100 2478 9719 2798 3078 8415 183 3241 1410 2789 7459 8939
15 6740 1322 4983 5883 3623 7176 8872 9171 3257 5578 1961 13 4358 3318 6134
14 558 4123 7550 796 9735 3088 6319 498 4708 8613 7978 9928 4900 2546
13 2288 9072 5525 9441 9037 8091 5418 8178 8404 9230 2584 384 8371
38 9624 3728 4589 6755 6524 3440 2446 2829 3127 241 8076 6585 3103 105 8035 744 2397 1648 9882 2621 6682 9366 8333 1139 7963 2700 3967 3342 3368 786 9150 2574 9214 6038 976 9527 7883 3964
8 7476 6193 1806 8197 1000 8345 8082 8460
12 6382 7491 4518 5823 917 1560 8006 8700 1011 6593 7206 7235
17 6581 8640 5853 1956 6793 5056 1738 6940 7743 5871 3886 1456 259 6427 18 2196 8871
19 1773 7241 1099 6840 592 7561 1004 2099 3788 1587 6866 7658 9223 5790 2860 7324 5407 7032 135
32 7280 1991 7120 9729 7248 482 8457 5630 6691 6219 2029 2427 3419 8747 2068 9212 6700 3051 5495 329 5177 505 8680 8188 4716 9088 9500 6490 465 126 7305 875
17 8239 4230 1692 5447 8271 7512 7103 2479 611 4490 3193 788 4631 1389 4454 1574 9910
36 2204 8411 8482 4963 4077 9042 8864 5570 2844 2900 1601 3211 7447 2366 9350 8790 4283 5523 4933 9668 5607 5448 1921 140 6791 4305 4798 5015 6827 4541 8012 3498 298 9865 7995 3900
11 7347 5250 5070 440 7242 8809 3995 7981 5675 8719 1931
30 7966 3191 4478 8765 7617 2200 2823 3017 9952 6981 6389 1625 9229 1827 7421 9746 2830 3399 1475 9031 8519 2754 4449 4524 7298 2472 2724 5734 2876 6936
31 3508 7930 3599 1306 7776 8698 8092 8358 3167 5501 3884 2273 7740 8549 2462 756 7810 1233 3031 1876 1696 7848 2219 6643 4667 9597 7729 5857 2814 1174 3367
20 5156 5511 6979 2748 818 8021 8061 6098 7482 3246 8051 8001 22 8725 5926 9555 1943 3010 1911 6344
18 5763 6494 8758 8821 7167 4356 1878 3583 6290 8132 9077 6478 4766 572 118 3890 7788 8677
22 1721 2254 3805 9055 252 8400 6110 1736 9569 3118 8381 2494 8362 457 5165 855 198 2360 9536 7222 2587 6406
13 2134 2805 285 5603 49 859 1244 8273 5799 1108 1546 2678 9954
28 264 6192 6493 9022 5135 1673 3775 7783 3896 6322 4333 7530 8594 5316 4205 8815 8770 5097 1622 2841 6586 9010 6282 7834 6471 1772 4580 3618
23 7373 7725 2167 6325 6226 1380 6258 152 5962 1905 6713 4416 6850 6298 3511 7112 3850 379 8114 1544 8618 1941 9721
23 8464 7560 8066 7636 6401 6690 7045 1082 3505 1054 67 851 8966 8870 1957 4212 7369 838 2014 4520 7046 3085 1025
15 928 1138 6285 826 1053 4641 4516 3709 5891 1392 6093 7980 9197 1751 9995
4 2591 6644 1761 6817
16 5426 1204 1522 5372 5337 3673 930 6764 9146 9145 468 2356 27 8403 6686 7659
34 4924 2699 8027 8861 2237 2074 3027 8796 441 9464 9069 6934 853 7875 8018 4425 5077 7955 6572 3171 2903 5850 9669 3568 8450 546 4098 7054 8649 6962 521 7177 3882 5398
24 9489 9231 2654 4794 8346 2075 6594 2687 2202 9532 2963 750 8976 8359 9410 8734 8506 8490 4561 9136 736 1629 2365 1262
16 4301 6630 2524 5768 667 2905 4815 7397 6704 1280 4274 9908 8561 2642 8068 940
34 8721 5995 5769 8963 6789 2308 4380 472 5386 10 110 7626 1798 5866 8385 3948 1811 2158 8270 6542 6697 6818 1657 4461 9660 2368 3401 6144 9420 3244 8177 7890 3428 5242
24 4087 5757 1249 2035 8573 5741 847 1866 8081 226 1944 5020 3807 5430 2677 4095 2081 8224 3081 1538 1578 965 2055 5975
11 9100 2194 4857 2346 9997 1291 1167 2800 7446 6429 6143
19 9897 732 5560 7088 6953 2739 5530 9014 8060 8322 5417 5588 6929 5478 5965 3777 6130 5357 8638
36 5377 733 4226 227 6835 7545 7083 9383 3953 6502 4045 8617 8515 2301 3172 4780 9709 9833 5614 5234 9850 9877 860 2205 6893 2554 161 4760 7511 607 8761 3595 2610 2991 6870 7057
35 9444 1292 547 5680 5133 4923 4222 5399 2260 9849 5894 5086 7292 1604 6602 6296 4433 9166 6047 5465 1850 647 2943 2471 144 7607 5753 5526 9064 4613 7872 8392 6714 8987 5551
23 5321 634 4869 6428 4321 7139 7171 721 5029 1118 3878 4605 573 3915 158 7350 997 3473 3083 1338 7676 9324 4964
20 6724 50 5966 4130 1329 2912 9743 8571 5190 5438 1193 4276 8952 3438 2398 7790 3101 1133 2359 8208
18 134 4517 9330 5048 6000 8624 6794 6214 7355 1539 4124 9602 8057 2834 616 7683 1243 8743
29 3887 9962 6599 3626 4195 6616 6014 4187 6383 4136 6187 4779 4368 2895 2538 5506 4282 6300 8913 9353 4466 323 2532 9562 8269 6294 1312 1562 8399
21 2787 8739 1362 1468 2743 3524 6706 6029 1137 1151 3068 1705 4950 3955 5723 5844 8793 5845 4523 2091 9903
27 4532 1965 2274 4481 4266 6837 7523 4126 4787 8944 1897 1439 1917 7072 3204 146 3611 2262 9727 64 2781 4937 6624 8337 8930 1985 4588
13 3491 3119 7918 673 9761 3993 4084 6481 2070 7128 5125 8069 5232
19 2984 7411 643 7674 734 1411 7052 3853 2627 9650 1205 5573 8992 4527 5276 1704 6395 4374 9856
6 613 5821 5662 1473 4796 6348
20 9751 2283 1525 9781 9448 1163 2651 1191 6303 2879 4440 6422 6083 3038 8085 7007 9416 7574 993 7110
19 1071 4856 4612 4644 9754 4322 3765 3563 2438 4497 4234 9770 2676 3184 7348 1585 6400 1731 1749
25 4450 3767 4291 716 6603 2461 1549 7841 7747 6176 7185 5774 2138 7254 4053 959 9638 4268 8644 3212 4413 4464 1842 5533 5646
30 1594 3371 6641 9863 6315 2404 3322 88 5586 9567 4441 9773 6858 6844 4607 7361 1348 3220 8304 3472 9617 3671 7622 4236 3417 1030 7479 8473 454 2224
10 854 5914 8284 7061 7641 9556 4033 6310 1720 7492
19 4184 2286 1221 7664 3735 1614 5587 2801 6575 2882 3652 8568 1190 6063 2016 3496 6623 3535 7618
30 7318 5049 3655 2849 2066 1124 5128 3427 6727 2495 8040 3387 9507 6254 9560 9765 1536 7434 7858 9531 8802 3858 9224 5579 5485 5622 9188 6532 5921 4482
26 3311 2420 1507 4352 7713 9265 5935 560 6209 2536 5220 3617 1425 603 1750 7614 1988 219 1693 1049 3927 5788 9730 9553 609 1679
17 288 7605 9054 5564 4913 3323 9693 6904 2466 8138 2010 8797 7756 9887 177 3004 1651
32 3265 6807 6304 9825 238 4316 5932 3799 7099 1132 6883 6376 3143 1501 6413 8341 9526 6202 9354 8844 1748 1424 8311 7144 5897 3738 2094 5183 3279 186 8957 8927
36 5625 4901 2243 169 4277 789 4632 9665 3294 1472 4297 2996 6332 557 4591 3277 983 8907 9857 5846 2483 1974 7971 4940 1324 6487 4927 6111 512 8834 5476 552 2562 5555 7596 4775
36 3962 9566 1240 5159 4895 2774 2115 5277 2976 4795 7163 1077 9872 518 6288 9417 6302 3069 475 5286 5583 1045 3479 2239 2459 6346 5973 4047 3525 2485 9320 4920 8049 130 1044 1296
30 8885 7389 2619 3809 8449 9703 1945 9006 862 6895 1012 9594 7751 8517 739 8707 5037 8467 1839 2652 5803 7026 4120 4953 2644 6482 3867 5211 3706 6127
25 129 8228 4031 4885 4041 7749 193 2634 1496 9189 4079 562 2919 1994 7506 9843 3876 4876 824 9918 8443 8527 1767 5443 3609
32 8667 2778 3402 2601 7351 9614 9993 24 5328 150 2973 8970 2847 1701 7090 1342 9715 2004 9406 1520 7757 9697 4899 8301 8141 7682 5395 9590 7021 6609 9853 6299
21 698 3926 4145 6779 4621 2941 7165 8813 5594 3624 1428 537 2026 8219 8340 6659 3782 3258 1813 6217 1563
31 3877 8946 4363 5684 6921 9842 1728 8841 8741 6180 8121 1708 4081 9543 8470 3554 69 8720 6124 5179 6908 68 3412 3533 2995 7946 8772 7418 1396 269 5985
25 723 2061 2544 5948 9374 1663 5632 5945 2899 1641 4715 3637 9281 1891 3536 5687 4560 6356 9920 8554 1154 1658 1683 4438 1739
27 1680 2367 1847 5432 6125 8096 9525 7053 1831 2337 9310 9521 7272 2063 581 5212 3823 6821 2457 6435 7069 1435 9414 6440 9800 2159 218
36 1725 7701 8915 5356 1639 4326 2540 4714 9149 3873 3087 4172 2663 5370 2765 7233 4618 4904 4547 4651 3669 3752 5410 7463 3946 4336 6022 8129 6734 659 6573 1089 4822 3376 373 5248
24 6169 7839 2443 8237 9744 1227 1802 7039 9517 9264 5455 1600 3517 1168 3711 8332 4886 9479 9239 3443 8142 4088 3696 1390
27 8893 4570 2488 8226 8639 9964 9571 3770 2324 4825 8220 1407 4401 8823 320 3516 6210 6781 45 7885 7250 7339 7608 5544 3454 8356 6509
31 9451 7194 7413 2796 5387 2762 8499 690 9972 6123 7395 2318 6537 7527 6194 5079 757 2639 6492 9701 4645 1320 3315 594 3286 7356 1852 5468 4431 4929 3594
13 5679 2767 3810 0 693 5274 3476 9211 6922 6839 4636 4638 1880
16 4029 7843 7212 3195 7765 6995 8619 8795 3273 9434 8233 1698 8267 8589 6377 5000
8 5997 4745 5138 310 7359 5952 2939 3715
26 3705 9750 3686 4396 8243 1573 5158 1334 4016 8293 3821 9902 8668 653 9789 3856 944 2416 3177 7009 9794 7703 763 1938 2567 1924
19 1374 6069 1893 8143 7621 8973 2164 9502 5810 6679 4014 882 4129 5591 9749 4142 5170 7016 7681
17 4135 9867 2935 4284 7295 8165 1095 5329 9871 100 3633 6005 7924 6522 6439 4417 8849
28 8625 30 1003 6550 9699 602 6961 584 6016 6665 2080 3326 3175 1385 3301 1197 1328 5275 5660 3308 7121 9395 717 516 1340 8867 7742 471
28 3256 4786 5492 6115 2547 760 1886 9362 188 1755 7712 3754 1732 7933 671 2889 1056 6330 9180 8538 7391 8254 235 2564 6257 318 9073 9236
22 3625 8005 2726 5036 3497 8878 8493 5381 1271 3217 1577 1964 7917 1606 331 4423 6540 545 1226 5760 8352 8221
23 631 7215 7822 9056 1104 890 6374 7935 6695 3632 1302 4604 7519 9247 2489 1753 740 4156 3902 2231 3135 9861 3033
32 2147 6474 5589 208 9222 4064 8378 4141 586 6983 5957 7141 2555 2233 4388 7321 1467 7281 3550 7526 9157 571 687 4240 8547 6604 2407 1535 383 2794 7023 368
33 6526 7306 9968 4267 9834 704 8993 2586 998 2928 5174 3032 5149 244 1408 1597 9458 8979 3920 8084 3448 4662 4273 5807 8454 9512 2561 2355 3682 5537 963 2894 7037
33 3215 1764 71 6070 6722 771 1685 3248 8714 2396 511 1799 6206 9501 8288 217 2228 5050 9219 3688 2005 3289 5524 3565 4699 5672 5267 8634 7738 7782 614 8612 1770
30 7196 2110 4654 299 9563 9240 8163 9260 4595 1999 2013 2211 2656 3925 6963 6865 7669 5217 4969 6215 5609 4076 1962 6061 8949 7979 8287 366 7213 9143
13 2692 4531 8974 8630 7652 9592 2334 9578 745 192 8980 9927 8704
29 8565 742 9733 8559 9094 296 187 5765 6244 1318 522 5324 3270 7260 2613 8880 4592 5964 6991 5782 8396 764 7675 6824 6531 5367 1688 8483 2102
21 5593 9028 6627 2247 9588 8889 2189 3189 5108 1061 5756 1210 2150 2906 9201 6928 2697 1356 7055 6373 1260
26 1188 3120 4579 2670 4567 7871 5353 5101 9160 3245 2111 973 9402 1700 1523 3952 819 7207 981 5835 106 4051 8230 5350 3562 4280
18 619 8643 8969 6960 589 9524 8451 754 6553 7027 3665 971 8616 1923 4747 2770 1196 807
20 2122 5358 3648 4040 8342 7290 5832 6239 4405 8997 3034 9829 6172 2731 9959 4149 9684 7515 5969 4669
20 8749 4902 2428 6622 428 6666 5868 2612 1413 3901 3317 3345 2604 5496 5949 6137 8405 3872 9025 7581
7 1545 2486 548 5494 6387 5228 5376
16 103 3493 4841 4360 153 9187 4625 3174 3179 9206 8207 2364 5528 2960 6517 2255
26 8786 4330 7887 5060 9694 9936 3226 792 2550 5742 6189 1533 9299 6647 8015 6442 6183 1431 8312 7761 3335 8873 4039 5916 2761 6175
34 3630 3598 2967 8363 9463 286 5458 956 1892 9453 4722 1541 2421 6758 9290 1730 4587 8751 4858 5459 3203 3581 6042 2113 111 5608 3283 6899 7405 9994 5696 1857 8859 8756
28 5452 921 3929 1112 5034 9558 2641 413 2347 5695 3451 6149 1909 450 7611 6243 4134 3216 5732 7012 5429 9893 7368 6354 2864 5820 3210 26
26 4148 9070 5888 4496 7100 3891 7644 987 9541 7443 506 5186 5981 7202 9534 1484 7498 4082 7968 1130 9237 9470 5336 535 9275 566
13 7387 4514 6557 1809 2866 9732 7894 9710 4196 2998 8995 508 8599
13 1666 9706 648 8206 1812 6640 556 7275 4355 1667 2388 1555 1238
5 2918 3247 5968 8077 5982
13 5151 5042 7849 1164 55 4023 9092 3507 5721 2166 4892 1855 3941
17 2499 3389 1559 6504 279 4696 5535 11 2513 666 4666 5203 1632 3137 2405 4762 4956
32 5833 8058 3818 456 8479 9482 4179 9923 6087 1647 276 8029 6384 6167 888 2783 4610 5923 6119 3566 9124 7423 2807 8863 5116 7500 595 7365 7564 8195 1890 2329
26 205 4976 2911 2235 9946 9783 6116 4728 8614 8468 7288 200 8433 6811 4977 9386 7066 2241 5041 1882 5978 1768 207 7435 7838 6056
27 2959 4181 389 5352 2972 2626 7076 4968 7939 9209 409 6678 7125 2658 7119 8365 416 5130 9841 747 5251 2001 224 7869 7029 3588 9907
9 8868 3483 5404 4965 7420 7546 6569 8071 301
28 5260 4165 2169 2216 9595 6612 7101 5830 7793 9442 2526 9257 8654 3361 5686 3776 8286 5939 663 2178 2810 5313 7824 6357 8919 7480 3272 9373
27 9663 2850 8109 4912 1166 5812 7079 2618 3942 4043 7187 601 2902 4691 9631 347 2729 1126 7403 7030 6770 7533 3063 6331 2052 8794 5290
11 3828 840 221 1189 3122 4112 5249 1714 1091 3202 5157
20 4647 5942 4182 6656 9820 6146 4880 6601 2402 8812 9530 6972 1149 4210 1014 4186 1972 858 4418 1036
32 3163 5953 5063 6696 7089 7093 6971 1277 4229 1477 9125 6512 4484 6927 459 8145 455 3176 520 314 755 6094 1715 4576 2952 6002 4061 3922 7308 8002 7600 4837
31 7892 1877 3066 1310 2837 8607 1373 1637 4066 5917 2631 8098 3542 2633 1726 6658 7349 6543 1117 7064 1499 9024 1434 6259 5762 3304 3397 3532 5057 2630 8022
23 2863 8257 8814 3271 7534 3073 3612 4600 6576 1236 5602 1899 4244 7698 2674 9769 7246 3646 1448 9075 3350 4006 737
20 8048 1654 668 7886 4403 2909 7073 4867 337 5822 1080 2869 7364 487 1465 6884 9346 4921 437 5361
6 1691 5961 392 1825 306 9579
18 6108 6163 6932 4457 3160 4445 1618 6555 2089 4420 3986 1914 8866 3903 3649 5873 9098 9858
26 5604 2948 6941 4684 2259 4974 7627 6736 1854 712 6873 1756 9348 3459 2267 3165 4115 6652 7679 5913 8431 8951 8912 408 1947 710
22 2261 2804 1256 5312 7098 453 9262 4738 9358 641 3490 1032 4049 5263 2232 6009 9082 5446 9673 432 8636 9584
30 4220 2708 2557 9612 2338 9804 9153 528 6923 6026 3045 4034 6277 9801 7625 261 3105 1760 401 1444 3764 2215 7774 1242 1808 7189 7008 1822 4999 1026
33 5950 7259 626 16 3340 2503 2500 8840 3431 8183 8558 3058 5262 6653 2682 1405 4288 98 2319 7616 5804 8910 7408 6313 7269 8608 7169 5946 4308 7766 8474 5180 4993
14 7205 6335 957 579 1860 8759 4812 9433 6778 3849 2487 9044 4778 8723
16 2382 3327 6225 5178 9118 3734 1231 1506 4939 2534 3824 2370 7201 9591 2221 8223
28 5424 9318 7011 7931 3434 8492 7225 655 5121 1868 5031 7958 2886 6450 8953 8697 8080 4746 9341 6775 3699 8377 3130 4381 4573 3762 828 4967
25 171 6485 3252 4476 4973 2088 2394 7566 4533 2775 6600 4114 4498 9123 179 5592 5309 5253 1076 8426 1907 1540 8837 6096 6051
32 6514 8975 9986 3077 7699 9477 1152 8789 6556 3579 1354 14 5754 5815 8425 2222 4399 5145 3589 6924 3016 8466 1616 6852 2358 7529 3813 4930 1640 3863 8011 3794
14 5072 9325 841 8305 3372 9894 5140 2027 6388 632 6577 624 1399 5239
20 9447 3660 5308 9086 9430 4295 7075 722 7081 5863 4878 6882 814 815 4451 8857 5085 3537 5343 2734
31 2082 2629 1487 4131 1386 3707 4086 3832 7532 6664 4443 8535 1375 7136 3115 3166 2747 9760 5900 7758 711 6122 1230 4060 5344 3128 6336 5302 8552 6919 2161
35 8046 1415 4211 3360 3816 8541 706 746 3978 9323 4574 5187 7366 6088 5380 4659 6885 7301 8660 8128 3732 8988 2037 182 9365 121 5413 8972 4168 7744 9647 1308 800 1694 5022
29 7937 7579 5391 6566 2411 4154 8338 1927 7844 9593 3997 5143 6853 3413 1058 7688 8776 5910 5563 9615 145 3499 6140 60 5796 7888 3684 8611 479
7 4942 1653 6153 7149 515 3539 4811
20 2112 5550 7835 3635 7792 2335 6405 6614 5813 6825 933 3773 6235 1446 351 576 9606 8669 8037 1344
18 6181 9437 842 8671 5514 5639 7427 8879 4834 7777 910 9419 9912 7159 7432 8330 9885 2172
22 8167 9327 6007 4693 3170 1803 1087 7393 5994 5667 6702 4596 4246 343 2636 3698 9363 6106 3561 9728 3918 5278
21 9097 5552 4299 1932 3415 15 3232 1313 1495 2831 449 7108 1093 1712 6505 9948 3987 9990 4849 4608 5839
39 8736 4597 1234 8544 4408 544 8074 1300 5221 2961 8520 2936 2753 405 6232 8665 2043 7255 4110 3485 2839 9408 6476 2208 3250 9246 4083 8569 8105 4672 4620 9643 334 4097 9443 827 8507 9227 6769
16 6689 5393 293 8710 3846 650 6534 2951 864 4239 4093 8501 6915 9480 8212 5562
32 6935 1315 1912 8653 9574 8848 8688 322 6841 7714 9380 5364 3661 664 9980 232 8943 2577 1569 451 2859 4801 9786 4966 2210 4809 982 5007 9198 8390 2191 8894
30 6102 7897 3388 3430 2201 5311 398 1295 7645 6451 7599 8180 5750 3254 5053 4146 6552 8882 9678 420 414 5333 4024 5004 3716 9215 6802 5656 3107 912
11 380 5500 9295 9957 3812 5534 2393 5439 8670 6610 4563
17 1586 6545 6745 7630 2596 1333 4344 42 1763 1655 9722 40 4009 703 5865 3924 5556
14 2379 4951 4562 2493 3642 1996 2988 1598 7842 359 8596 1879 9322 8775
18 7253 5748 5209 753 9483 3774 5047 6918 9115 3871 4185 2073 4057 3898 3002 7803 5196 1626
18 3749 6933 5785 1788 9393 6262 2131 360 3028 1129 5678 1161 8401 6162 1027 5081 3343 3916
29 1816 9309 3168 5088 2097 4619 7861 3586 3645 5027 245 7143 2214 8113 2690 4468 4191 1968 6279 3282 5280 7730 9321 390 2139 8140 2671 9695 9687
13 3061 6646 7148 8445 9258 5513 3904 3209 4238 7767 9840 9762 9142
21 2512 8186 1224 6477 3523 155 4995 4682 1321 8319 5003 9755 3881 3161 7334 7969 8107 4335 5374 8900 4152
18 2662 2352 1213 2856 9664 2469 5229 1718 4896 2755 3043 2482 4347 3095 1939 2771 4471 2836
14 2272 8417 8164 5408 6129 6855 7116 2065 7138 5887 5348 3142 8253 1814
27 5619 8446 1102 3138 8637 8715 443 1015 2439 9626 6642 4730 9895 424 4332 1432 6978 6071 3865 8633 5617 4556 4827 9791 2363 4670 6787
8 2242 2142 4777 4853 9344 2240 2384 8819
15 7970 5472 8126 9108 985 8778 2640 6938 6869 2993 3458 3125 9467 7613 9147
26 9944 6227 4473 1681 6412 8418 2877 6075 3054 6035 5572 8370 4058 8102 4492 8932 5493 6015 8580 8232 4133 1307 3121 1619 3577 7976
13 8244 5988 948 1341 2664 7623 9312 8792 4723 5167 2947 1140 8986
36 2344 692 1881 4289 4104 1902 3615 1781 2614 1790 8883 2290 2372 61 979 6073 9854 333 519 9009 6165 3084 365 6677 2987 7905 5421 6558 4393 7866 4164 9431 3182 1717 1713 5623
20 8124 3670 2225 6425 1391 5702 5497 523 7977 5415 9914 580 8215 5169 1787 361 6064 8632 5298 6785
35 3090 9329 38 3047 715 4207 1278 5668 4192 5597 8635 1073 7175 8610 8557 7745 128 9812 4606 9379 5456 6626 8481 3464 2096 349 3404 9093 5058 2667 3378 3814 3994 215 8754
33 5505 176 2000 2350 6937 1235 3806 430 247 7732 6092 8324 8533 4188 4897 7452 73 6874 758 8198 2154 2710 8299 6660 6568 6267 9005 4758 695 1570 3385 9873 8119
16 8402 1416 2966 2306 4370 7151 927 5010 1458 2599 6197 3113 8166 1304 1214 6185
26 2198 442 488 5197 1526 5541 1021 2840 382 1085 7078 4257 3681 2305 6345 1483 6077 904 582 4911 6347 7051 8948 2321 274 4530
15 3117 3395 4480 444 5705 2412 5008 1780 8487 8717 9535 5930 386 9091 9058
20 3173 4660 4019 3870 174 8235 9255 7160 1316 7951 1232 1019 6417 2570 7967 185 9587 696 5993 1987
15 5481 7184 3020 2977 3435 7352 5326 7957 2031 503 5268 629 2180 1922 5867
37 1572 5112 4224 7240 1791 7814 4025 4536 5442 4391 1494 9164 6905 5681 9523 7878 8137 8148 1848 2473 3159 4334 5972 7398 12 3690 5479 3619 6419 5585 621 2044 3835 8712 869 5797 4065
24 7293 5697 4688 8266 7509 5938 4783 3098 5834 8713 8860 131 718 8023 3604 5698 9400 371 3011 6784 2751 6684 770 1918
27 1286 5436 195 9645 2302 3001 8664 6587 2732 1490 400 9630 1636 1476 6375 8923 895 1502 1727 4962 2238 388 9539 4599 5571 3060 3932
25 1119 2128 2490 9133 7297 2826 9855 873 2186 9116 3251 2187 1958 7237 2423 1656 1290 9932 4741 9425 3834 638 6998 929 4392
7 8745 6078 6645 211 4026 7227 2516
34 8762 3229 184 3956 5132 5653 3328 1083 806 3976 3096 6756 5024 7619 385 2105 2051 5428 7642 1116 6843 4680 2348 2514 1345 4013 9046 5943 3219 1766 3319 321 4729 3356
16 6145 3683 5691 3600 3718 5676 4400 4623 2463 8828 2391 1219 9359 8641 3756 6712
8 4735 8494 364 9708 622 6128 5281 999
28 6012 7020 5688 617 3094 3456 793 5078 4221 2294 4225 3653 4946 3650 1623 7327 9080 6810 6212 9649 4947 2821 8826 1707 8455 1955 5683 1159
24 1486 6896 2455 8321 9625 6985 3736 6287 6218 4649 8117 6898 3074 4281 5733 6588 4100 5093 104 1754 7989 3296 8339 4174
13 8767 975 1967 9043 2351 7428 9303 8887 7040 2598 4430 6321 6668
20 6480 6314 2945 9194 3379 4397 1297 1217 7640 9155 7620 7448 1165 7696 6561 1266 8000 8031 7881 8391
14 2119 2571 7221 6204 6625 8294 4793 6900 5470 4458 891 9860 2435 3639
23 946 674 6003 6305 994 53 2369 5716 1789 4628 7400 639 4173 1983 567 75 9308 3183 2927 2339 1037 4069 9922
22 7322 996 2825 9557 9583 6236 1650 2108 5366 1327 7862 1245 3349 3879 2595 6364 5266 2392 5124 4675 7470 3421
10 654 4119 7719 5911 4329 1836 175 8032 5067 8196
30 2806 6993 8465 969 531 1875 6503 8509 4318 8673 8428 1200 4050 3293 5094 5843 3331 6814 7216 2060 3792 9476 1500 33 3339 7342 7651 9739 8604 2177
10 2978 3977 4997 2519 5480 8231 748 8744 4578 4905
25 4884 7880 4046 7278 4247 9336 1150 5999 5746 8746 2287 8283 6878 41 4521 4216 9390 4414 8258 7558 1464 3369 4630 1339 3158
10 447 9106 1709 694 5102 4614 791 6368 2887 5334
10 2741 5214 9947 4755 7860 9911 3439 3760 7376 3488
12 4163 1178 2769 3305 9646 6263 7416 7484 8297 8173 6947 7773
30 5895 1450 4861 7271 2896 5283 3935 8398 6017 1469 5657 5503 2468 3610 7823 3249 1039 9343 4227 1417 4202 9096 7786 781 8582 4067 6510 7514 5051 8824
31 9788 4828 1834 4371 5245 2545 612 2492 178 123 1419 7004 1377 924 8947 1251 7702 3480 8656 9915 5182 3046 316 5784 6390 3295 4477 7796 4409 246 9083
18 4460 4987 294 559 3164 5601 9775 429 1317 4379 1351 9047 4823 883 5463 844 1114 8083
21 448 7597 2549 6320 7056 8629 6565 5052 6443 7996 3963 7236 4626 5246 6292 2476 9508 7107 5726 1778 4197
20 2522 7157 4640 3894 8858 8662 8687 6043 5884 5118 4658 1185 6091 937 1461 1008 8495 4736 4824 7060
17 7798 3384 7256 9041 6441 7746 1966 536 5243 804 5219 7990 8726 237 250 7367 9445
19 3330 939 9469 8162 9170 7954 3333 533 1388 3492 9961 191 6191 5767 6337 2042 8111 2440 4945
13 3548 3433 6907 3708 8780 4278 7474 4444 9983 848 9129 4252 3874
30 3982 795 7945 3018 2521 6379 8245 1252 4311 9661 8774 2141 3520 7855 4767 5704 372 3666 9085 90 2749 801 6889 9233 7549 5836 3797 2389 4692 6721
33 9689 4581 2705 2628 1156 4928 3320 3262 968 201 6168 6196 8161 3509 9666 7469 7923 3441 7217 4292 3592 9622 6082 7173 6479 5648 8033 6432 249 1283 9711 7396 2772
13 9967 5744 5323 4970 5878 2983 3502 7001 9876 5330 2759 2573 5230
8 3206 1935 688 8343 6801 7678 9609 6114
9 3940 509 923 7291 9040 4475 5840 683 7025
25 5674 2236 1060 9741 7247 1818 867 4028 2098 772 4882 3067 9778 6089 302 6808 4470 1007 7333 7102 5106 6867 426 7592 4190
31 19 962 1265 1426 3737 7307 5096 3154 4814 8961 4402 4323 9965 7998 4455 2750 5368 6720 9196 3510 1508 9404 1229 7050 1743 1859 7214 7825 2744 1418 5224
29 1554 6952 1326 9311 3243 3486 5113 7223 2685 142 9326 5714 2592 1493 8361 5666 6880 6431 3644 467 6946 127 5331 7219 2227 8706 543 5512 9868
34 1908 417 5474 489 8013 4382 4917 9971 3352 5652 7174 7633 1162 3274 9369 5577 8419 6728 8521 6671 6339 6507 3761 5554 7799 905 1519 1420 1746 7390 4668 1462 9793 9317
24 8353 1222 3522 960 4324 7728 3099 3405 7508 2620 9109 1752 281 3553 116 7791 8384 6629 6084 6957 540 5806 5310 7697
16 1155 427 2811 835 884 8748 6903 9981 3663 8546 9 1820 8210 5869 8584 765
11 4340 9518 878 4594 8004 2173 167 4642 2901 2528 9848
29 7501 1125 849 8836 3954 357 7197 2064 832 2145 1779 5397 8964 3910 9050 8176 93 5176 2854 689 2100 5039 7673 5776 8924 3679 9875 5718 4569
30 7181 887 7371 9457 6245 6460 5160 5300 2148 7140 5297 3008 5104 77 9610 3514 4479 4341 7252 2039 2248 7035 3355 2617 2251 8026 7539 3380 4542 4909
21 938 1257 2752 1668 4503 2408 6358 5484 473 4871 5905 9520 8825 5814 5111 5032 46 2803 79 7049 2263
29 3139 7168 3263 1268 2858 3888 9138 967 5075 561 7900 7590 2002 6819 2217 3312 3559 797 6392 9589 8116 1592 7317 1929 7591 393 7315 3302 5378
31 3091 4712 5471 2226 5405 206 2223 7378 2452 76 8264 2266 3306 600 4603 6046 6519 9168 3636 5956 5271 1759 5256 4835 7426 7336 1612 1261 2312 8884 9998
30 4575 2763 7874 8036 1584 6796 2880 5146 4732 4982 8881 3685 8181 507 7691 5931 5725 4153 5261 9753 1575 6030 1347 7635 1368 4683 9245 9315 879 8331
14 1057 4611 6546 1792 2980 1995 2212 8108 3052 9542 9135 7210 6988 9241
10 1989 4848 863 5292 6964 7829 3664 7632 9021 8897
15 9586 3796 2315 2926 6718 6316 2843 3917 3291 1442 2979 9081 7262 3238 8935
20 3487 5590 2130 7417 6864 7104 7231 8593 4577 9059 1742 9376 78 1062 636 6036 8309 2893 8047 6109
33 6792 242 5637 6006 6074 8800 4894 7648 9707 7649 1682 8692 6743 4262 275 9999 410 4116 1220 9110 4002 3983 2249 8439 5469 404 9776 1684 9161 1485 885 8627 6447
19 7787 4167 119 7647 9307 5163 5896 5627 4665 3966 1783 1524 9633 8553 229 6782 8983 1059 6278
12 8016 7071 9126 2123 2265 3755 4068 1595 6820 202 3108 7760
20 9455 8277 6250 490 3933 3029 7282 3223 5605 2504 8928 4453 1644 6648 7478 1172 282 9870 8730 7031
25 7105 9844 1255 9949 6795 5613 4617 5532 4092 6651 1735 2878 4830 679 8728 6013 9048 6195 8685 1801 9381 3224 6161 2593 2852
8 7345 6523 7986 5650 820 8394 1821 4157
28 6729 1553 3999 2323 139 2883 5294 686 5827 3959 7646 1925 9465 4506 6698 7717 2409 6155 8576 9934 4213 1566 6147 3781 2874 436 8851 8202
20 1823 7922 2689 8998 5959 934 4761 7943 6283 8416 8422 6248 3747 1352 2023 6271 5773 339 9943 9580
15 2289 8034 9824 3149 8933 6231 1081 9656 9522 2615 5225 7353 9174 901 2410
33 6495 2047 9279 358 866 9836 7238 9496 278 7505 1239 1646 578 4847 6560 7686 3414 2437 2643 5148 2157 5770 5928 3822 8781 2361 1466 870 7425 6945 5575 86 9716
26 7394 4852 2529 9513 6516 148 8950 2820 3309 4709 7813 8598 8876 1103 9736 3075 5389 9396 6598 9808 3543 7010 6010 5502 4754 7836
23 8525 5713 1269 7850 7705 4727 9030 7204 7634 591 8531 7409 2464 4200 2793 6060 3022 570 6328 6117 9603 7577 684
13 8156 9674 1517 4978 5967 926 4548 3292 3725 9360 6910 1096 1423
19 5626 8658 3602 63 1427 3186 6871 9494 165 8369 8472 9519 1695 6416 1241 3944 2342 8888 4015
15 4306 2327 5392 2444 2310 3408 6951 4870 1729 9175 4868 9436 915 7800 4540
30 5664 3013 1634 4183 5781 8874 7374 9132 7286 4907 4544 5030 196 2497 1796 1016 3746 7002 2572 6977 4102 1366 931 2331 2824 8621 4456 8030 2808 7684
24 9979 1846 3467 2669 7926 1851 3082 6881 7172 4698 3409 7851 7795 8514 8110 3466 3791 9242 4271 2085 43 988 9747 5706
26 4572 7689 3529 6464 5095 173 2815 4339 3833 9826 9575 4725 6605 1142 2109 9367 1936 850 4030 3489 1404 3070 3116 6539 6032 4785
15 1433 5382 3838 2611 6669 574 9700 2616 2311 2709 9148 125 4137 4415 4774
32 3310 9244 2868 7603 3346 5289 1445 1951 3798 1157 9991 1144 1379 5153 953 6421 730 7068 6360 3947 6351 344 6909 143 4629 4193 5223 1145 3357 9940 3449 253
30 6491 8010 7815 8663 5701 8833 4551 91 9605 324 3957 9573 529 1841 1826 3400 4711 5346 7565 7520 2916 6352 5435 8463 9421 9004 1303 8052 1259 752
29 1934 3703 4001 8045 3261 941 2188 8543 5980 9372 8135 652 2738 7643 1009 8019 7265 9293 709 2076 6426 5848 8260 7384 7919 9248 4501 6606 8929
35 4872 4094 7392 7993 7867 9401 7380 7153 6174 665 861 9051 7096 3531 4797 9368 291 1183 4215 2149 6205 9103 1383 8551 2179 7845 2884 4166 8317 2515 6112 608 5752 2120 6812
30 8458 5885 525 4269 9440 2975 8423 2846 3909 991 3181 7755 8850 9771 1179 3062 3287 5461 6860 4428 1662 587 8360 9818 5427 8690 2399 8282 6238 5207
21 8784 6564 7042 2688 9067 1509 5764 4510 9772 2362 7695 342 3949 5054 6744 1452 2683 6800 5960 8537 2773
17 9144 9333 5633 4372 7294 2957 729 3332 5747 829 9271 2832 4934 9101 6342 1067 5098
33 2646 9568 1203 7559 7145 906 6906 8620 9784 3528 902 811 6268 9253 4757 1596 9304 6151 2745 5002 7805 9688 5851 3841 4737 44 1457 5565 1602 8695 3153 4650 5786
18 7228 8838 9314 5546 9134 7043 6766 4615 9835 1033 9213 7495 9427 1395 5009 7721 8563 7261
18 6 2181 2022 8808 2498 913 4320 2184 1148 6448 108 1671 5482 1042 6090 8147 3825 2059
18 4127 6333 9060 7987 3407 6049 2819 3971 4178 9607 5021 6289 1678 7984 4972 1 7818 978
21 7487 1617 1043 3912 7441 1382 2325 9618 327 5059 8478 9034 2213 4319 1017 7668 8886 4491 7063 6171 3844
35 1041 9234 3757 1954 1436 1793 6141 7942 352 6617 9837 9057 2307 3132 3501 7769 6099 2818 6987 6749 6969 9955 5486 5014 7720 1330 8847 6370 3667 5644 3465 8169 635 37 7541
7 3337 9487 7127 8564 6636 5441 9798
18 1270 2698 2997 2378 9515 7929 2780 5645 8977 701 3424 5099 7137 7033 8256 6738 4846 5737
20 4944 6228 2258 9488 72 6484 8753 5200 5642 3518 831 9391 7087 1319 8430 1449 5611 9261 3255 8497
30 8785 3743 8410 6301 4515 8588 1969 2474 5661 5019 8901 7831 8347 8577 7542 5787 5682 5240 6663 6848 4685 5194 4799 3035 8931 6701 9832 2624 9178 2707
11 1367 9925 8572 3003 315 8421 7802 6797 338 6408 4838
28 4249 2537 433 2942 5801 3393 7126 6229 7808 8846 5237 3056 9869 9652 3222 4908 4721 777 9062 2419 5215 113 2842 5951 9342 555 9163 4122
29 6470 4245 7404 4111 7170 9516 8089 3363 1737 2681 3422 5793 6323 3591 9973 9193 3574 8648 5689 4263 2932 4906 1946 4103 7161 3552 9891 8650 6499
19 1459 8595 3766 5327 3079 1853 9596 7583 7624 4005 5520 8278 3242 9332 4750 4864 6741 1579 1844
10 5044 4376 1580 3695 2792 5634 5449 7700 8088 9921
33 5694 1048 5641 3691 3802 9013 7821 798 1744 2518 4990 4719 1865 1258 6754 8093 8835 3996 4553 6705 3112 8822 7437 8922 2862 9510 7510 7950 9734 3136 5828 6286 3768
21 7653 5416 2588 5341 8290 8079 3829 233 8891 3519 7436 5216 1394 6954 9027 6872 6126 1202 6589 4436 4975
35 3980 5510 3236 6177 5559 136 1488 2723 7134 9662 6661 3484 6742 7477 8622 9611 903 1497 4954 5519 898 2092 1199 593 9498 9334 3234 425 5561 1169 966 309 6861 4545 1072
17 7431 9627 7704 7439 9803 2480 3710 3425 2429 4038 7467 5518 6372 4743 7047 6829 2510
19 7438 3268 2950 5080 2454 8200 6378 4343 3869 3259 3744 3148 2246 7593 2649 9152 8437 7362 5252
34 8272 9235 1976 1686 3478 1474 7095 2132 9782 9389 6291 6489 8705 3950 370 4616 7129 6854 3723 5028 8159 7953 5255 8827 6085 1950 7826 3787 1782 9243 9490 7925 2865 8144
29 2517 8852 4485 749 9435 7407 8064 7113 1440 9813 4938 4003 5924 6418 3847 6458 6790 4176 812 7578 9270 8722 2691 6097 8921 8442 5722 9384 8958
35 7741 1092 1028 8234 9107 2653 9217 6676 2209 3370 5629 9815 3852 1797 7973 1201 5624 4406 2855 5616 1276 2779 670 5922 6798 8807 9785 9432 5195 974 7058 1035 1437 3658 1478
21 2721 3000 4971 1611 1359 1986 5142 6856 1141 5304 9113 9613 9273 943 6276 4804 2647 5204 6103 6221 8241
18 9814 1158 2295 4791 1207 836 5669 874 3298 2802 8168 8920 4080 5498 6551 4217 2430 9269
30 7285 8291 2848 170 4790 9725 6132 3840 5185 209 2144 5795 9351 5 5173 9426 6723 2929 9122 4765 9576 493 434 1264 3643 9866 8917 1287 5811 8757
21 1975 2117 149 9266 3391 5354 8151 776 3861 7960 4695 96 4784 6508 6318 3155 8769 5789 1581 1481 9714
17 9648 5046 9651 5941 3897 6914 4494 5065 5876 6992 1253 3030 9356 5730 9759 6544 438
16 964 9473 7893 2136 5103 7734 9221 4609 7200 3207 7264 9598 8295 7091 604 9977
18 8655 2069 4635 5001 5719 2607 8475 3779 9830 6496 3974 2740 1029 9690 989 7660 8184 6680
14 825 2077 8025 8504 8727 7671 9970 6655 5893 4734 4539 1516 9572 9745
20 3359 7809 2533 8095 2795 9909 2817 6637 4707 3042 6483 7131 7567 4943 1591 9089 1571 4107 3406 307
29 6902 4362 9767 3019 9141 9297 2531 9114 2033 463 4071 2300 8586 4223 8937 2332 5355 4350 1603 3771 304 7466 87 9195 9066 8123 8355 23 598
18 7711 6786 628 8750 7494 2192 4584 313 8628 3506 3237 9352 6317 7015 9337 6136 2146 5345
7 54 8003 5989 3447 8934 2053 1670
29 9880 8115 7419 8516 8193 9154 6980 9438 4961 6434 3726 823 5184 7059 6582 267 1369 20 1960 7606 6486 4 3040 2414 2104 532 3923 2285 8122
14 8251 3504 6159 6264 5127 3641 2403 4270 7018 4338 3546 3616 8303 569
32 9220 4309 9454 1953 4161 254 6725 9474 7372 7118 3786 4534 3727 2299 3297 3731 7914 3780 4143 7450 137 3908 8908 7847 925 2746 5061 4919 2268 9807 6628 6465
11 3801 2768 1343 480 725 1982 8892 4160 199 7433 3911
17 6621 4218 1146 3475 2087 1832 8471 5671 3803 9898 6763 8679 2766 3677 2733 5107 4590
15 6467 5777 6772 6986 8691 9637 6068 5362 34 773 6521 1903 4731 4315 3558
31 5490 397 3104 8477 1784 2453 7299 3895 31 3114 4361 4678 7964 3420 4807 4169 4463 4096 6731 3280 6472 817 5849 4504 899 8925 4694 5974 8942 7388 6959
22 164 5172 3141 122 8009 378 8289 7884 4700 2084 4384 2873 3866 9838 3680 8845 7006 865 4177 6994 7276 8192
17 1216 3555 4566 680 1064 7464 4337 6211 5740 7461 4505 5872 3450 1786 2380 7377 7547
30 4810 1722 166 7111 6500 783 7442 7752 9938 2458 4132 2704 5816 8779 3474 8424 6198 5643 399 1981 9819 6976 4351 2606 70 500 821 8579 3065 7147
29 4054 1661 6859 7277 5987 5082 5536 5874 7485 9604 4958 9585 7997 6911 5606 1491 7837 2054 5016 2011 4558 5655 3264 5033 8280 8276 8570 6166 8240
21 6131 9960 3503 5013 6411 7019 1979 240 17 9963 7486 9185 4310 484 5023 6997 4831 8777 8336 2962 2727
23 6365 9686 2722 501 9036 4739 2602 1913 4150 510 9811 2827 2816 8055 260 3526 356 406 9623 7132 6890 5122 6527
34 7563 735 1281 6662 1228 1672 1837 9831 8039 4162 3214 681 1567 4198 8981 8393 8090 1702 784 5779 312 6045 7637 5728 3429 3201 6613 9183 2103 7582 9951 1665 9577 9385
29 3213 4447 2049 7820 6638 8179 2694 3303 5110 6528 3570 6747 7106 1513 2760 5017 6767 6693 9486 8134 4296 6926 1034 4881 8389 9063 7899 2345 1973
24 7133 7320 534 7179 4357 5805 6160 6773 7331 5114 6033 504 9823 325 7694 7983 6673 1747 9533 3629 6497 8724 8968 7586
33 7536 8318 2121 4985 1225 8213 280 809 7928 2093 6707 6513 833 8335 8990 4354 4448 774 3205 4442 5073 9874 7289 8916 1288 7961 2871 2375 3913 9892 6876 9644 6104
34 8683 4250 2994 8469 6760 9704 1309 4407 4206 1719 2140 9822 3970 377 6066 376 9203 7363 4915 4219 702 2702 9038 3815 2870 3235 759 6776 7772 5854 3576 4290 6037 6246
28 8718 2003 5902 4251 2910 4697 1134 5882 4037 481 363 8139 2597 1805 4472 5663 8275 2632 9653 8348 9886 8255 2317 4108 2183 3724 2114 588
19 2018 2891 1990 6453 5295 8072 5599 1372 7868 5254 6620 3789 2897 9228 9929 8281 8017 2563 7462
10 9158 5192 194 5100 3110 478 9456 7454 7716 2133
20 9780 8106 785 3662 2575 1358 3150 4891 6759 1758 5191 7685 2046 4313 1896 5838 3540 7279 6190 7310
40 9657 6752 8191 5120 8118 5338 4593 8503 7209 6615 8989 4862 2730 4866 4565 986 1403 1294 8461 9277 1971 3717 8136 4155 7708 5568 9001 2218 834 9620 7507 2501 4489 5870 3628 6341 1621 7412 2322 3620
39 7267 2284 5778 4294 1443 9285 7332 4753 7569 1153 5488 2659 7830 6223 7857 4843 9439 3316 5193 7778 7576 2552 6618 305 1070 5083 6423 3538 8383 4519 1212 6454 9917 9095 6488 4101 4075 5499 8130
27 1215 7921 9225 1762 7335 375 5084 3778 4720 6001 1455 8524 3621 56 1194 6173 4106 9039 7065 5109 3275 7775 2067 5800 5175 1824 7670
34 2316 3607 2965 1171 9176 1887 6050 7415 4085 9208 2946 5504 6968 3985 1237 1740 7727 728 8101 977 5852 9179 1551 7770 2569 9413 8325 6436 4634 8268 4241 7780 8056 9984
32 3721 9492 6253 3500 7877 2600 9378 3981 9090 7319 9713 8014 3037 4992 2835 9758 4816 8512 8344 2433 8764 2253 5791 2034 597 3759 6806 1147 8044 7748 6113 9294
19 6055 6105 3712 8097 4845 8259 6398 6396 7895 6762 4242 4768 2071 1184 6080 4903 7853 3638 3012
26 6281 6571 3468 5055 2713 4803 2041 5188 9172 6150 5339 551 4159 9988 8696 3702 4387 1894 6059 7344 6261 2764 3998 9302 2168 3076
9 4673 3059 6559 4499 7024 8661 932 1192 5062
32 6353 2594 1301 6371 5890 7915 112 3351 5549 4820 3751 8380 336 845 1393 3477 4749 6312 8242 7473 1669 4817 6683 8154 9766 2914 4771 7326 9210 2964 1901 9200
31 7460 2030 5808 8078 630 1075 7650 4385 8592 2603 642 5841 8489 3569 4201 3048 553 346 9635 2904 2271 778 6667 7879 7155 8334 4366 7414 6518 2199 160
12 539 3354 610 6433 407 5736 1660 1741 3748 9723 7736 7330
22 355 4342 403 2785 3582 8476 3049 1353 151 6538 4036 2725 1952 9268 4710 6879 4427 7604 8350 2019 8811 243
9 3795 4689 4789 5991 7940 4918 1638 8678 317
16 7146 907 8877 7737 682 6380 9493 8250 2812 7516 1926 6886 1098 5647 3827 1020
17 8395 8152 9551 8279 6293 8699 9120 3919 958 9249 6184 3026 2340 1856 6028 7044 9659
22 5908 6917 5141 4564 4840 1608 4726 9298 9537 4889 2719 2386 1862 1120 2012 6424 6445 6726 3036 8735 5450 6753
11 3515 8274 1942 1552 9862 8853 7249 3225 6230 4325 7801
25 3694 6154 5927 5210 5303 4664 6343 3005 6590 6178 9989 109 5738 2050 7218 7000 6040 7192 4931 2757 1050 4770 3668 5233 1284
25 204 4488 1690 6234 1429 7952 486 3836 9405 9852 726 6081 2137 2560 4486 3169 3848 8427 2716 4275 8326 1371 5270 80 2460
35 396 2714 228 3194 1365 6079 2508 9446 6461 5620 4740 8488 767 2507 8323 9692 4955 6256 7631 4598 8112 4859 8217 2609 7158 6498 3979 6892 9339 2125 7343 6525 3842 8805 4627
16 4074 5940 8408 236 5238 3722 8865 1131 9636 6920 8936 4004 9181 5979 8153 3613
12 9919 1010 9485 5690 9676 9331 5708 8550 239 1675 5071 4390
25 446 1930 5954 6982 1106 6311 6152 8862 9466 7211 4922 3240 714 3231 6554 4952 8496 2 5385 3111 5342 5129 2635 9049 287
30 7833 5150 7178 369 9429 4500 1724 7570 52 2505 9012 8522 5920 350 1311 3880 8075 8945 3021 4854 2650 3984 6233 8904 6631 8709 8508 1645 6468 2373
19 8087 8548 5862 5325 6887 4375 466 637 6965 3534 3793 8626 5907 255 8752 9667 4508 7909 1180
13 4624 685 6430 7097 6466 1529 7947 805 1703 2506 2582 5373 822
15 4189 1576 2777 5272 9151 6133 3808 7406 9403 2589 9252 2038 4571 678 4140
35 9742 7806 8328 6943 107 7667 2116 1937 4175 9953 2853 5460 3383 156 2264 8941 7982 1052 5318 4286 9639 8791 1628 9422 2833 3567 421 99 4462 5322 9682 5798 2915 231 3804
29 2193 8432 3640 9581 5236 5934 3990 2625 2672 9137 6273 9387 7974 2556 2277 2025 8693 8187 7313 1006 8918 3080 4364 8830 1795 4272 4254 7382 1819
17 9540 4949 1706 6717 8829 4012 8316 308 7819 3353 2101 6019 2024 6533 6732 2851 9061
26 5758 3719 7316 3097 2048 954 6619 1510 6469 8491 6774 9079 8262 418 8438 7183 2270 8185 2190 4960 8414 4279 9982 4850 9740 9672
24 5794 1143 1949 3446 2434 2328 8854 8896 6632 5144 5315 8388 5610 2637 2908 7370 1711 6845 4759 5265 2425 782 8043 1115
18 8150 2898 6950 8657 6608 4398 3593 6463 1274 2279 6563 2058 5596 8899 1350 5320 5831 2203
32 8248 214 3382 2431 2244 3697 7188 1869 9074 6739 5692 5715 707 3023 8209 2956 761 8956 992 2509 3889 2020 5673 21 4345 2913 2679 6611 6897 1370 7517 7655
20 461 1086 868 5414 9140 2558 5707 2958 1046 583 1023 524 9802 5422 2309 5487 319 4042 3720 8581
4 5136 3608 9763 3131
27 7817 3701 2782 8562 4383 197 6350 4373 8125 813 5152 871 5749 6833 452 3426 6249 9529 2655 5420 5038 5877 7497 7733 7615 8315 5026
29 6207 6349 3281 5729 141 6955 9052 8782 8222 2666 8938 1659 7764 9641 3784 1100 6809 7639 8615 8453 5076 2701 886 8567 133 6501 6511 4010 6240
26 2269 4232 2336 9428 1959 8366 257 7584 2252 3892 4073 9053 5958 6751 8456 7811 3571 6719 6944 9810 8603 5635 7152 411 8755 5117
21 6530 8357 9272 2152 2999 292 7386 2156 5542 6635 5580 5817 3575 6407 1583 6958 4994 2229 6018 2583 2371
20 3868 2056 4237 8485 8742 3014 7595 2568 7074 9033 9491 477 7522 9718 9942 7896 3943 9899 2333 6685
33 3733 7846 4000 7186 7195 4932 5164 8065 3843 8349 4369 8429 154 7287 1840 9884 526 4300 1063 7274 8959 4526 4259 5454 4821 2401 7739 7077 4748 5775 7856 7938 1018
9 5898 1289 7354 6709 8738 8008 9301 9377 7854
31 4298 5659 6444 8444 6386 2813 9023 2387 395 1514 3556 2153 2923 8486 5383 460 3151 5963 7180 7191 2974 6826 9218 3278 1610 4209 9300 4671 9748 9975 4860
15 81 8204 3965 4554 1181 3178 7164 9545 6031 6297 7754 1065 909 7067 6142
9 2400 8905 3494 3928 8434 4550 8131 4027 5475
26 6692 3269 1325 8716 1593 6716 289 2292 3730 6607 5314 189 1933 775 9506 74 1561 6251 1915 7932 623 9460 5288 7540 6449 7832
16 738 3086 25 1723 7662 7907 8689 7753 6999 5119 9796 4429 2530 1885 7573 4851
29 1209 7239 4981 7852 8818 2985 485 4800 1904 9548 9068 2185 8218 4844 9924 7859 1387 5259 1479 3015 4957 9905 6675 8211 6894 3284 8523 5574 4312
7 8672 8374 8676 9677 4386 2736 5531
