31 6428 724 4390 502 9130 1448 4030 466 1174 4194 9203 3791 7009 3121 143 1461 7556 1886 8133 6939 6020 28 5888 1646 8706 4369 1266 9423 8771 8307 3595
29 45 3877 7720 8027 9385 3036 4903 2531 3882 111 4262 3286 3020 6187 5027 264 1840 5081 6487 9641 9199 1722 6370 7197 9291 9112 2959 1136 2719
30 9475 2563 6671 7380 6889 3898 1236 6859 2409 2274 3908 8862 7076 5162 680 7491 7013 9297 7217 5841 4441 1984 7862 9193 4510 6745 4437 7729 6952 582
28 6198 7229 5973 667 9454 3411 3033 5784 4444 472 5964 1747 7589 4862 169 5627 9046 923 5920 2733 1663 7055 1718 1449 2712 8236 6830 5707
29 8103 5030 4989 8356 5109 1025 7286 956 243 6523 5429 1548 6585 855 4288 7069 3418 3193 3822 9897 1343 3862 9374 8818 9962 4532 5374 2936 6614
29 6599 4049 1062 3312 2293 3536 7327 6994 4880 8211 5530 7863 9007 1870 1905 2006 8529 4164 8420 7762 2515 7530 6986 3438 3239 7478 7319 7608 5738
28 156 9054 1060 191 8049 6000 1760 8609 3604 3654 2802 3548 322 1952 6716 7310 3599 2411 3378 8496 3935 4024 614 374 8637 3421 2925 3006
29 6440 2163 6720 3501 5349 9033 6125 9546 3427 2415 5906 7267 2080 4603 4448 5652 4496 6725 5463 5697 2035 1455 6858 3841 4138 5593 6755 6969 2504
29 1566 6257 9942 874 4926 5654 2154 80 7916 7374 7473 2325 3435 8384 9552 3897 5539 8321 4924 342 7599 9313 8127 7734 8343 5747 6776 4685 2288
29 8450 9446 8927 7335 2965 9708 7719 9183 793 5293 3362 2052 1618 387 9672 9707 6111 3013 2270 2662 2543 7145 9108 2434 4407 8559 5667 5779 3748
30 6261 9960 4754 4870 2145 1631 6985 7467 6615 2937 6472 2522 1589 403 8446 4779 982 2108 4094 3728 4991 944 8354 3977 4150 4297 9863 9293 3901 1864
28 4467 3265 3878 2263 3811 8765 5224 6437 4385 6630 1852 3273 1934 5840 7948 7853 2708 414 6083 9005 3787 3739 942 4042 5711 3652 7294 1637
29 2822 7760 2332 9685 1745 5182 2279 8201 7960 6535 2320 8260 4582 2033 9448 7831 7564 4059 2488 7127 6558 410 7562 6702 9032 8782 7900 7903 5320
29 5876 482 2785 1037 7742 4286 2058 771 2266 2039 1242 9976 7188 7459 1621 2342 9122 6758 2307 7479 9746 7686 2421 9335 3800 7791 7951 2349 6546
29 9151 9764 4766 8919 8906 4391 555 320 8249 9870 3313 9654 2539 3303 4813 984 5026 7999 1845 5139 1026 8101 3712 6478 634 3406 4461 2386 2518
29 9738 9696 2795 7394 4 6718 5478 3854 4190 3648 8318 2808 9216 8185 4598 8990 4656 2047 1625 9946 2958 8738 4296 1686 6818 4913 1327 4605 519
29 1134 750 8543 7638 7798 2966 791 2129 8828 7046 7450 9529 9750 3368 5720 998 9323 583 7563 463 8570 3307 1506 4038 8058 5950 7631 3472 7911
28 8033 1938 3482 2418 896 6073 8992 6167 6874 9658 8466 4019 5395 9458 1885 3657 1828 8900 8947 4663 5961 543 4326 5402 6704 3522 8240 1627
30 2234 7794 9791 3383 1809 9790 2569 43 4745 2601 7062 5983 2188 9311 7696 6175 6432 645 1584 8671 1230 5203 5992 9450 9065 7152 1010 936 7555 2103
28 835 804 8177 144 7976 4005 2295 4116 1777 9885 2513 3392 2923 8775 213 9931 4378 3004 2702 807 3564 2575 3947 9924 6867 2067 3826 9556
29 9670 5955 687 6463 2614 338 5058 7347 5176 4588 5119 546 8335 954 863 4637 2872 1050 2492 9085 4330 1534 5221 8742 1728 516 7029 3580 8696
29 1959 3968 7946 4318 3950 8693 5499 7359 380 9289 6268 8369 2502 6581 7612 8341 6841 9427 6387 9730 7325 959 8126 8433 8777 5725 1967 8062 8479
30 1179 3075 5608 3302 4824 873 7637 4282 1420 1797 9889 3494 6813 5579 6484 585 6629 6306 6946 8367 3976 7814 7913 3002 7360 8520 8081 2345 836 7063
29 2995 6791 3361 5965 9806 979 7185 9394 3182 9149 1545 5584 911 3879 4723 9609 7378 8029 241 7964 4899 9843 9603 459 2250 20 5729 4540 7460
28 7678 3209 7695 1051 5005 1612 8239 3984 4264 5297 1329 5766 9792 5135 4167 8982 3820 1732 6839 8524 1078 4569 8323 9074 6002 5918 6737 6121
28 187 4260 5889 2933 3306 3671 740 185 1707 5843 7409 8859 1935 6143 831 8780 1383 6962 7285 3337 727 6080 8188 8606 1404 8596 1991 7187
28 3039 1187 4543 5129 3612 1961 8368 3556 420 5355 7816 1867 7340 1847 512 7515 2653 1231 5986 672 8091 3673 5624 5615 6503 4698 561 2783
29 5266 1824 5324 6970 6910 3283 5901 365 1194 8638 8794 5420 3416 2235 6414 8355 6078 2379 355 5103 6034 8923 7687 8393 9025 2170 951 764 5666
28 9053 4980 2442 8875 7575 8575 4307 2232 9415 4158 9970 359 1280 2967 2540 7909 8773 478 3714 2861 346 1782 8985 6324 9947 8011 1106 2678
29 2734 6956 766 9131 3259 5896 4183 3644 1127 1679 2243 199 3846 9280 1418 3514 5758 9021 7410 8997 6285 1775 1155 4155 7644 6533 4518 7921 7775
29 2717 5801 9460 5031 3763 9816 7952 2868 2322 5425 1431 38 4212 7308 4617 2549 6594 803 6938 976 8705 9062 7224 1017 4531 2514 6266 4585 4789
29 2603 7313 1896 4808 6936 1758 9721 1009 743 8486 2509 5533 4689 2790 6399 8550 7499 8461 8233 5179 2073 3725 5184 5408 7705 8305 3468 1954 2338
30 7849 94 3258 4099 7543 3122 4076 8328 2525 6084 9720 1709 5890 1929 3646 5842 5479 6009 744 8608 6896 725 8411 6241 2197 2844 1263 8353 6480 6090
28 2150 8184 8740 9352 7109 1985 147 5759 9619 3784 3330 2153 9655 1761 153 6380 2727 5003 8107 3550 1008 2934 2729 4705 7770 2737 6320 1397
28 2921 1377 7708 5462 3866 4976 908 5446 8649 9854 9919 6287 8659 3981 9763 5956 4438 9998 7262 7821 9298 1110 6593 7289 8068 3345 824 5823
29 9058 8039 1040 6402 1422 2144 899 7379 4083 4900 3364 1754 3147 7809 9177 5268 5541 4010 7314 9614 5620 3689 5085 3081 4411 5548 2895 2561 85
28 6430 9688 1746 1520 4249 9027 4069 499 3018 8309 7776 4914 6352 4925 6338 5378 6396 8041 1803 4982 7469 9569 7354 7125 5559 8317 9847 3436
29 1434 3240 1956 7752 1049 2401 1095 1770 5512 8042 8511 9110 8552 4599 2657 8560 492 5806 9156 5778 488 5995 6281 7287 4416 4479 7789 6189 6656
29 7318 9594 5334 8118 9702 9115 7259 851 2674 7142 7765 8215 5291 239 1046 4276 9564 2407 3371 3372 7874 7266 9377 9620 7154 41 1079 4963 470
29 2870 377 7793 3640 9811 571 9540 5170 2310 3167 3398 4032 8734 2686 989 7893 4819 3805 7040 5431 2081 317 783 2405 1947 3760 1801 1399 4978
29 3448 4830 5532 5914 4436 2147 6580 630 107 8680 9376 8253 7282 1490 2560 2741 2130 5287 3473 9432 9319 1859 8965 5660 1543 4735 7174 8887 2107
29 2368 9440 2874 8717 4050 8250 8381 3871 3037 3176 9375 9728 3839 6829 522 7044 6653 7500 8119 8054 3029 797 3676 4979 2990 4517 2441 4256 1778
29 2635 8546 9417 665 5668 1907 6746 5863 1258 9554 734 2629 7355 567 1029 4277 1606 7129 9929 6691 5807 1514 1912 5728 2478 4947 4422 2296 1289
28 2922 3384 4338 3339 6748 4009 3722 9477 5053 3532 5781 2120 6025 3502 8630 9424 6861 2299 1291 5087 6645 4484 1811 4961 6159 1916 7533 2994
29 5371 4469 4568 7552 7116 4718 473 2774 2064 7745 7336 8159 9628 3893 5230 7172 8614 1950 4653 5099 9639 206 5381 1375 8695 5787 6633 6061 1766
27 5959 773 6888 3855 8530 1787 2096 2499 8874 3166 6586 2044 7712 2666 5695 9560 5631 7433 8 1324 8342 9950 1347 8979 1288 4775 4184
30 6056 7642 6931 7042 8327 2555 221 4975 9437 5969 51 3743 4290 6763 3199 4128 2060 7898 5464 6958 9944 2880 4968 6774 4039 5795 4619 2031 9995 6804
28 2584 929 4878 4660 8949 2323 8954 3335 3465 8483 4201 997 4410 7258 3463 2821 1013 7023 6140 2172 5364 2363 7666 2261 6532 3985 3106 9481
29 2758 9445 1734 2205 2570 5713 4309 6099 5390 9499 5035 4127 5689 1483 9800 1068 9214 7889 1741 9693 6468 6825 4613 6 9759 6667 6094 3285 9604
29 5254 90 4122 2228 6410 2701 9229 2744 7660 5704 8894 4591 2852 603 3441 6220 9409 2181 1523 6777 6937 5663 114 2778 2264 47 6883 3159 5453
30 3183 5535 4170 7698 1608 4636 393 8897 6436 4388 5070 3863 5083 609 805 1552 8373 2692 3790 1563 7640 1077 4755 5316 809 8736 9535 7764 3188 592
28 6975 9887 7183 3201 5456 9462 6710 2313 2832 8122 4990 7432 2465 6945 2369 8190 3740 1581 5931 4513 6700 2317 3257 8112 730 9422 3381 98
29 9822 1833 5583 2693 3373 4629 163 9456 3803 9425 4647 7811 8448 1544 1507 6837 8999 1351 7064 7710 8612 7274 8326 632 8306 12 3645 6810 8009
28 4891 5147 5595 3316 4442 375 62 184 4134 356 7812 9090 8413 3415 5152 3437 8401 7425 6775 1394 3115 6066 1443 4320 1765 3653 9018 4771
29 9191 2156 8366 6416 6275 7485 5744 7891 888 5146 7268 1000 140 1147 9334 3920 9630 7932 9528 6789 3365 2486 7204 1005 6431 3988 9080 1697 8753
29 2139 5645 1364 5185 1560 9907 7087 9745 9324 1132 833 1166 3131 7620 7298 700 3499 985 3261 7070 2641 2621 9691 8510 235 1115 2268 7654 9932
29 3636 3581 3856 9506 7744 6113 9874 1593 5296 9220 5382 1724 8861 4583 9902 9595 6323 6512 8626 6199 5421 5743 1953 7897 3493 6921 3289 4956 3876
29 8725 4107 6729 6231 4415 5860 6779 2242 6470 4229 5384 8889 9497 2977 3568 5202 2187 6334 3046 2344 3012 7565 2579 5341 2812 1333 501 8539 4690
28 2446 1817 5245 736 4219 1239 489 8679 2194 7629 2286 4281 8824 2019 1892 9232 6204 6050 8563 1180 6662 4651 3424 2976 860 7817 4254 6441
29 3353 9360 551 6864 1152 5705 2258 3040 3429 2689 9067 822 5332 6908 4633 4839 4800 3325 8304 1116 4253 4849 9789 4993 8247 205 7852 9015 5211
29 389 4671 5195 7894 2051 8421 9665 4809 1767 5012 1349 9952 7990 8007 7431 4845 5447 7292 705 3751 6831 9605 9819 4366 4271 7223 8743 9109 8385
28 5482 1512 8134 8464 8063 3347 682 4566 8322 2457 7802 2355 3622 3028 6706 1511 6326 7093 913 6118 3726 5019 1869 4360 7810 448 6235 7134
29 3187 9814 9850 1816 3932 6815 232 7777 6971 3675 7847 1168 9187 3543 3132 5191 3677 2697 6649 370 1649 329 366 5300 3219 6136 8060 2829 1099
29 4611 3025 5886 8547 7528 4867 3479 8001 5090 6690 9812 5811 6206 9118 8338 2324 4970 1195 9928 6394 7797 6144 4000 5445 3450 731 4237 8548 4747
29 8172 8502 314 4067 2350 593 4788 7878 6538 4640 1692 8573 5480 2408 5073 6418 4109 7221 6689 7373 5494 9574 2503 6751 4631 8516 8487 5178 5208
28 3060 3562 612 854 2526 3764 3318 1344 1541 1121 7670 6171 8976 6115 58 4855 9830 8720 9706 3485 3933 770 5981 3111 3959 1550 2957 6576
29 820 7297 5984 2 906 5144 8320 2337 9267 5100 7522 9821 228 6182 6873 3853 112 5252 2420 5061 1090 5576 6465 7306 5173 4840 4592 3872 9837
28 8598 280 9200 2971 4126 1913 6007 6409 739 363 9368 9855 109 6291 475 6539 3895 8804 535 8825 7254 298 7220 859 5633 9071 4708 4539
29 719 4634 8971 747 9175 2352 3537 883 5772 219 2799 9127 2382 2833 231 2077 5076 8843 481 9875 6529 9333 6679 7512 5946 2567 624 6498 9969
28 3190 6021 8657 9251 6407 5945 2439 6389 5769 4241 4533 564 7388 9381 9453 388 4570 247 2941 9965 1432 1529 7857 5294 6203 1105 6842 3375
29 3883 3860 3972 9933 9273 158 1674 975 383 7024 8358 6997 116 6721 1856 2225 2593 9981 7510 7826 6131 6805 6848 3910 8823 2709 8225 7806 7641
29 4172 1788 548 8566 9095 5783 216 7675 6944 4641 7942 9029 1085 412 6228 2185 9734 5825 7879 4686 2366 9610 823 6838 509 575 3218 9838 5255
28 7138 9246 4060 6699 3844 5868 7022 1322 9990 9178 4489 8562 6178 6176 7363 5409 8139 5389 631 8312 7193 5437 8929 7453 3710 8986 7399 6301
29 9392 2996 6214 5156 7020 9428 7668 8442 4315 4562 7415 8153 2370 9068 1774 2869 6223 2327 7848 508 6349 1699 898 894 3354 6008 5489 5410 3082
29 6933 8561 9117 9787 9669 4156 3667 8577 8154 3388 7950 6224 7443 6665 1963 6545 9513 7181 3621 2827 8664 3861 4362 8788 486 378 3589 3530 3143
28 3016 2191 330 1148 9123 4408 971 93 6562 465 168 84 9651 7104 3063 2278 2695 7823 9480 347 2180 6467 2079 6248 8935 5471 5050 6843
28 6507 9443 1556 7244 5226 3238 8727 6393 3780 5838 6188 9087 3975 8390 9002 2508 2226 5884 9162 742 7057 6477 9514 3998 9143 9991 8092 5638
29 5832 8669 8934 3987 5263 4933 1521 4356 7405 1676 991 1630 3795 6915 6741 361 6106 9471 3737 2898 5165 269 7895 2302 3614 1428 8070 6898 7649
28 2223 9194 9868 1036 3331 3266 9302 8737 9848 2132 8391 6651 5281 8345 6006 4177 5730 64 4868 3394 3189 708 5589 2427 251 1446 7123 5988
28 8141 2198 9913 8503 2860 6348 4093 1340 3821 8993 1096 1564 1960 3923 8675 5443 8221 461 3276 1101 5623 9722 2545 5515 638 3962 1522 1596
29 5260 1660 8207 5898 8833 3744 2167 33 5302 6572 5238 8623 8106 428 3034 9729 5643 1 8643 7398 6641 6290 880 5337 2862 9030 3970 5007 1199
29 9106 9692 9695 3781 5151 5051 2622 150 1882 2960 3105 1158 798 8661 2413 7265 2757 8028 2229 6827 1075 8735 6391 2160 9572 79 5526 4586 5836
29 3117 2711 3911 2876 60 9096 2468 5596 794 7580 391 8294 2900 2682 2845 4424 9387 1973 1903 1733 7255 5544 8853 1108 7711 2308 4552 6564 8194
28 691 8579 4392 7979 5116 2201 4278 6686 2470 6160 8689 6252 4430 1188 7233 3250 9140 6760 1286 7366 6880 1658 3224 640 4702 2041 4135 9204
28 2849 8948 6857 3746 7603 970 679 9059 468 6263 7275 529 6809 8650 8926 2462 716 2988 97 5979 1362 5785 9637 5812 4291 3226 9968 2623
29 681 2847 328 1862 4455 294 5671 3001 9461 7993 9818 5412 5768 7288 5426 4112 7737 2910 4451 7634 1357 3691 7252 7342 4381 1820 5845 8683 9138
29 6096 9561 3833 4214 2756 7769 9147 8791 800 1549 8150 7328 3955 6368 8142 3461 4902 5642 2447 7447 165 4536 3572 6209 4490 7858 5844 265 6202
30 6781 7382 5149 5942 5566 9263 4567 4137 7748 8974 5597 1825 2685 909 1135 9290 5594 8519 2133 7783 7506 7303 2875 5380 1790 6059 7214 3202 4364 4901
29 2038 3210 256 6250 7323 1462 7842 7028 1485 4055 5059 7400 8616 133 6757 2837 4934 7437 1216 2650 1065 8748 4624 8802 77 7804 5698 1551 6405
30 5604 1568 2241 1818 3762 6995 1794 6676 9986 5434 6037 3986 1389 7989 9010 8871 1496 6104 2886 9473 8662 6081 6089 7480 9978 616 3168 1150 5681 3232
29 6570 5673 7984 6623 2755 7147 5166 5157 1253 431 392 4844 4344 6719 861 7859 8759 4509 285 8459 4876 9132 8449 10 9524 1316 2516 2786 6596
28 6130 2830 4794 1014 2195 3050 8726 173 8645 3086 878 8907 510 1721 5786 733 2292 9647 9676 4159 4234 5824 8179 9170 573 3816 4832 4712
29 6812 4581 5941 563 3295 6123 1055 5138 5315 565 525 4945 76 2390 3393 7725 802 1537 9709 6127 4863 921 8065 1633 9878 5809 4827 7194 4347
29 327 3827 3693 7120 4151 4248 2057 2762 927 987 7955 4243 7596 4081 9923 758 7514 9624 5733 6571 4007 885 2905 5009 517 8077 5432 3913 7207
28 701 436 416 3099 3367 6292 7526 6919 848 1849 9979 5290 3695 4829 6998 9040 3085 1656 9401 1159 5089 7600 4850 5985 3779 9383 6561 1651
28 1826 1573 6200 429 7579 8966 7375 4550 1725 1007 2078 7531 1933 3065 3983 3344 7750 7365 7961 4649 151 9859 3066 1594 5870 5859 6680 75
27 333 2091 182 598 9612 2394 8933 5177 2207 4638 9910 3453 6951 3220 9421 2753 887 8491 2208 2277 5449 7461 6141 1474 9927 2099 5473
30 5634 8372 7395 6935 9884 5658 2992 8494 1932 6163 9317 2097 7345 3834 2724 5075 6448 6376 8034 5060 8817 7211 1617 9061 4908 9353 2572 8574 1946 9784
29 8854 8698 8523 4091 1863 5082 2359 541 1354 925 21 6354 2276 1056 539 9712 3343 263 7189 7632 3792 1388 3521 7128 2667 426 491 4354 9827
28 7674 8653 4996 69 5333 304 35 760 22 3069 3608 6590 8538 7623 2464 7212 6079 8313 9597 7372 3230 7905 808 121 749 7938 6955 5644
28 8980 7132 5241 2836 2003 2752 9915 941 3513 5496 5121 6862 7370 5306 1146 7757 6802 5399 608 5625 4102 8202 5120 7457 1227 2544 4791 1990
29 9581 5130 7871 1614 2085 53 2770 8264 6473 1248 4857 5124 2998 3321 7557 5775 3574 3293 9017 6469 658 5145 3699 814 2533 8061 5774 3059 7021
29 5835 7606 1113 8130 1776 7430 8006 7441 8349 3215 6666 2924 5701 5080 2645 4761 1819 8210 7975 8839 4554 6108 2588 5575 6251 9001 3328 2493 6730
29 1711 5233 9820 8586 8540 3275 8957 1784 7592 4931 9548 4435 778 3095 6996 3753 2034 297 538 2022 9566 1463 9449 1297 4959 253 8918 966 4977
29 9145 1492 9584 9755 4386 4082 8012 4642 3770 576 4140 9993 4612 7549 3944 920 1832 1161 2227 8198 9142 4308 3823 752 8535 8117 4600 4502 3555
28 7833 3288 7015 9522 8273 5797 5201 2748 7111 3683 3262 3191 5018 5219 5833 7238 4538 303 4187 9396 1513 6636 7486 6011 1975 6513 2901 4915
29 3425 5325 7448 61 5855 4227 6452 6244 1411 3234 4888 7082 4284 7701 6208 3684 6924 8702 3007 3666 7940 9086 4176 7520 651 4580 9438 5551 8629
28 9832 2517 3534 7648 1124 785 4514 3170 4004 9274 7925 6582 1126 2761 1517 4434 5199 7570 3031 2449 7434 9879 9022 9576 5215 7470 1738 3399
30 586 7613 523 2604 1756 2168 1165 3741 8263 2624 2558 5064 2913 832 2500 9390 9598 7834 2113 3263 454 4203 160 9539 7376 9253 2571 7435 5635 5690
28 5455 4662 5564 9286 9754 9489 5125 6738 5861 313 9689 5282 430 2424 3458 618 1640 5708 9088 8059 4075 4319 4593 2938 4695 7371 8180 3810
29 3440 625 9336 3903 4560 7180 343 5303 1802 9339 5547 5327 4658 2354 5504 7102 4614 9077 3056 2580 4225 8357 5088 2483 3459 3993 8228 6650 7341
28 7320 3720 5475 40 6237 6657 5188 3480 8840 893 5951 7377 3284 6406 6433 4727 4406 7103 2272 4491 3624 5518 5286 4884 2718 6074 5513 447
29 9351 7566 6600 9797 3177 1740 4597 2435 1310 332 7753 4906 6024 2759 8475 9292 1088 9070 7732 9711 6067 8275 9536 5158 7164 1015 2985 6279 8311
30 1785 8404 1437 9304 7650 4018 3703 6128 8506 5343 3742 8878 8507 259 8137 6692 3370 5040 3253 2271 272 9834 1019 8739 8747 7788 9474 6524 9607 7690
28 3660 3832 2890 8120 4186 7957 1547 117 8398 4652 8245 1915 331 3269 1530 2581 2341 4836 5655 829 9663 622 7619 4450 6660 8416 9786 8816
29 2772 2414 839 6664 6459 9515 6753 3225 3439 1759 871 203 9862 2520 9160 914 5356 1047 9671 7168 3915 1528 8079 9004 2046 2819 9452 946 6065
29 2440 2381 7918 8781 1499 7790 9391 3272 9310 1609 7784 1419 644 237 4986 9024 4146 9659 9465 4894 7051 8863 5358 6659 5582 7107 937 3038 3634
29 6340 2648 6687 4169 9966 6922 3881 9235 9044 1532 9562 5279 1003 9287 1401 713 1927 8217 5340 9016 122 9275 9972 2732 4798 9347 1270 6038 7577
29 7782 6543 5209 7191 7867 1575 4948 250 8036 2538 9771 1908 4376 9736 639 254 9066 9426 646 6193 7749 7451 8252 1277 7094 127 2123 7841 9510
28 4182 474 6461 7384 1250 215 5706 1151 8389 619 1189 7108 9372 4601 4226 1866 4549 381 8866 7083 9000 3497 4342 441 7923 8893 1027 3444
29 7277 8961 3701 7253 3907 2166 704 7751 9457 6515 718 3407 4547 6684 8601 1535 8534 1781 4475 8869 9578 6109 963 7440 1237 8409 8959 7474 7947
29 8044 6557 2554 479 9817 1016 813 5670 2433 1028 2595 886 5963 7877 8842 1137 6930 6466 248 9195 2688 7293 9496 9201 1815 6052 1295 4345 9982
30 9141 5524 5049 34 9408 8074 1923 6411 7393 7931 6385 2928 5249 924 5015 9359 5737 101 4541 4911 4770 433 7665 6139 5538 3196 7731 9094 6732 4644
29 3155 7639 528 2715 8261 4165 1677 7866 200 5028 452 2887 4825 8066 2671 1382 8667 8116 1806 4846 8064 7182 7501 6887 2498 5285 1672 4635 6014
29 493 8644 2803 498 3350 627 768 8756 1368 4341 110 1516 1292 3488 6253 1719 611 5187 5957 6863 3077 1157 7818 2597 6077 652 3197 5257 6055
28 8078 1130 4994 7458 4622 7980 8176 1440 2917 4864 3794 4021 8956 7043 245 5546 6302 6249 5636 6219 4445 3022 5017 7730 3906 5591 7747 6172
28 8858 6982 8870 8624 421 6280 7412 7840 4003 7664 2030 2656 9309 339 559 274 3576 4453 4861 4711 6122 9379 2336 8174 2627 6988 9152 4037
28 5588 7006 4259 9732 9129 5416 8417 5218 3745 5183 9056 1889 8844 986 9411 7171 4129 7829 801 4987 5283 1041 6917 2991 3938 617 5002 124
27 1408 7205 8678 5553 1600 8418 9955 9078 2562 9254 6820 6954 4992 1223 751 3287 3928 5617 5458 6373 2159 9602 7523 344 2105 953 4871
29 3873 7179 7787 1909 7699 2013 3836 3205 484 2961 8593 1647 258 249 6345 9877 1876 4244 2521 7573 5271 4029 3626 3374 8779 7100 9916 7066 7688
28 9601 7511 8026 659 2395 9165 5433 6978 2892 6531 2986 6085 5817 1494 1664 1272 1906 7079 9083 2676 1072 8485 7972 6222 1629 5928 2267 2423
29 3216 1539 5136 6493 2135 5360 703 4273 6300 2183 1688 8347 5830 1261 9959 3389 14 8310 840 1426 935 2471 7498 9342 262 2448 3083 5915 1298
29 3491 2698 3772 4909 4710 1659 4942 9184 8076 4483 4856 7387 5852 3778 2204 6462 9507 4310 1710 3255 7170 8229 1497 6317 2269 4682 3074 126 694
29 2098 6330 7222 9492 6234 5460 1441 1750 9380 8541 4363 9760 7525 7237 2811 557 5095 8498 834 7428 6788 4939 4620 5234 4105 3936 4872 7965 3021
31 4904 8299 8447 5865 968 462 9773 9356 7296 3724 5976 7484 7000 7785 4132 5427 5716 2326 8867 5810 1565 7067 5892 5452 9903 8555 547 3148 3008 1315 4964
30 7851 1204 8983 2916 3396 8884 1412 174 6162 1089 2725 9664 5200 777 9996 4883 9276 6724 6058 2974 4206 6243 7567 5657 7868 7396 9113 3366 3808 6091
29 2600 5703 9166 1983 6620 4573 610 8365 2489 2318 2055 9908 9179 1091 6375 8942 4838 5236 9867 8795 5788 6733 9101 8192 9582 891 3958 2215 7260
29 7080 8246 9037 3149 676 2036 9909 5010 2477 8040 4833 9089 1742 5691 1873 5732 4113 2568 536 9530 3475 364 2669 8302 4927 7166 3474 8932 2507
29 3592 1599 8432 7689 1278 5680 9856 513 4465 5821 9260 2547 8437 2877 3377 4669 2951 9596 6443 8800 5745 9048 6548 3084 7119 2703 3840 7322 849
29 1579 1415 7115 4535 8751 4393 5348 5875 4545 4527 9842 1002 907 8371 382 234 6991 5688 7133 4670 1476 3523 5932 6103 8554 6447 467 5897 2611
29 4523 7855 3765 5545 9079 7625 2024 1243 5556 9949 257 6707 7007 2675 5072 2125 7626 17 5799 4778 9519 2438 5765 2964 6709 3207 1638 4111 1648
28 4115 4759 7031 5377 2186 9241 1689 8488 8642 6015 3925 7766 8337 9389 2739 2287 7630 7210 9144 7098 4932 4462 2883 9865 8244 9358 8470 7502
28 4119 7781 3656 4717 8820 7773 2782 2158 5369 7709 1309 2897 4930 2617 6321 4737 649 6039 9316 5630 8361 1107 316 485 5569 5280 1001 8799
28 9180 7047 7439 4917 4910 8651 6616 9350 194 6711 3797 584 2606 4045 6670 3662 6768 2690 8303 3900 8467 5190 6053 2214 6901 1369 5361 9770
28 3831 1846 8492 5112 1080 3292 9121 2536 5570 3774 4782 6674 8989 6060 7088 5622 3552 100 6685 9137 8676 2619 7019 9034 2537 7553 8132 7540
30 3766 5388 9635 5815 7890 1715 5368 3151 8235 204 5856 3670 5661 3011 4011 693 449 5174 5131 4719 7825 3509 9225 9063 3706 7121 4981 6404 341 2388
29 7643 3198 4701 4802 5910 1257 4722 996 6559 8912 5578 1402 115 1352 533 1122 9893 1336 2045 3566 7 5339 6579 7052 4936 3601 9580 6663 6246
27 8544 27 4481 1175 8910 2375 3281 4938 8477 6210 6238 4402 1406 1451 938 1376 912 6528 5563 162 2190 2824 8770 2203 7726 2532 4594
28 4967 2766 1339 6003 5181 6464 164 2331 7869 2646 4732 4136 7300 9008 270 9810 955 8269 6736 6984 7113 5217 5665 6408 427 145 3334 63
30 1813 1387 1768 6928 7084 7383 1373 7872 9186 1081 5366 4374 2124 1962 4420 5752 8051 9469 8396 1823 2871 4626 8521 2374 2751 181 940 3719 2634 9212
28 2586 4494 4757 5997 2906 6868 8564 4692 9954 2176 6069 9332 5913 4713 1094 6453 7155 4596 8984 9807 6605 1274 4267 7601 5527 103 6157 496
29 3709 5467 6093 2769 6516 5990 6341 4950 5301 5490 1861 5442 8352 125 4317 9757 2231 4404 7963 6346 4528 1202 2392 9124 6490 3583 7997 5204 3708
29 1999 9031 6151 1835 9751 5307 9055 1944 425 8238 8602 4028 5352 8332 8915 7587 3961 1225 6110 9985 1561 2196 6420 1061 2618 1943 3349 5991 3818
28 9861 3756 4057 8797 6983 9484 1969 9961 9172 6750 2280 3892 6773 1262 5994 66 2889 4118 5980 8161 4198 3591 5776 5359 4615 2904 7424 1868
27 3922 816 5934 4896 3 5229 319 435 3341 3865 7305 3563 6429 2817 5477 9264 7808 3244 7507 890 8888 9977 4746 641 2716 870 6017
28 7245 8085 4632 5113 7161 6444 2429 6057 1836 8123 8628 301 1948 198 2220 3616 2432 2806 1591 9386 5933 7892 8088 3842 5466 9748 2249 3386
28 577 9662 450 4480 9752 5714 2637 5223 1477 2835 4401 2705 8686 643 1052 1977 6877 2754 3252 4233 5172 4403 1997 4584 6181 5948 5717 8314
28 3516 2146 7235 3519 9956 6681 8991 6112 3430 5700 1837 4440 8604 3771 3609 2372 4955 5001 6417 6247 7945 1982 5709 3098 7386 587 1559 233
29 7136 957 3681 4239 6284 7992 2106 7896 4193 323 569 2178 5905 4180 7035 3137 8996 507 7495 4429 6070 1687 5305 6797 6415 1385 2467 1690 9307
30 4114 1752 2152 3914 3954 2339 8924 7227 8641 6795 7472 3055 8899 7118 5132 623 6851 9103 4143 9239 3097 4013 3469 7754 9082 9900 390 9829 9431 6575
28 8786 9213 8850 130 5244 3755 4313 5457 7755 9126 7536 7068 1371 7150 157 7018 9047 1495 5495 4016 8340 8136 5649 7717 7518 4561 1184 4418
29 6613 6227 188 5472 432 2101 8050 2238 9491 7661 1226 54 7429 4423 4371 3495 2466 1346 8921 4786 9656 7311 7139 88 9934 574 8298 2528 6491
30 6042 4501 554 3921 3410 4655 7016 9565 9725 5975 1256 9575 6456 6646 6544 7924 3605 7218 1502 4023 9230 8785 4173 6899 2328 7280 2008 8402 3080 4576
30 7653 8364 915 3278 5999 6242 3949 6295 3100 3254 7614 2651 1214 5874 32 917 131 3204 5186 7624 5891 9493 8635 312 7595 4688 7968 5621 9410 7917
27 6885 688 8170 8625 229 6481 8093 2794 2281 6256 4941 9051 5974 918 7493 2979 7248 5246 4853 7627 9331 2784 3559 1279 3173 6435 277
28 8424 2090 1067 850 9139 397 5167 4452 7693 7304 7131 7213 3456 5782 8378 7053 5648 8333 5043 3732 6934 2377 1318 3848 5813 5491 9161 202
28 3875 4574 9568 6756 7845 784 4828 7240 6584 5222 9839 3454 1321 6892 2237 5924 7881 490 2490 3809 988 7465 4270 1957 806 9003 9697 411
29 526 1191 8080 7516 2353 171 2609 8673 2142 4110 1233 7706 3310 5854 568 6362 6384 3184 1190 2696 945 1208 1183 7602 8219 3734 2143 8768 4821
27 9413 1038 7694 7481 4123 7607 6703 2027 8904 4062 686 1698 8094 7702 7271 3939 3113 8827 8692 4675 520 6619 2626 4026 3931 5953 7348
29 1808 4397 3575 3951 5598 4587 7361 3625 530 6296 3078 5329 4565 8248 6026 2982 6968 8707 2173 2602 1273 2455 8428 8160 714 6013 8024 4881 5674
28 5014 1595 4944 2037 6869 6379 6299 3520 6230 7291 9012 5347 4425 2534 8787 9197 4893 444 6054 3000 767 4210 9881 4020 8660 7002 3868 6173
30 1717 7186 457 6475 2506 7436 4703 9975 2403 2071 6989 2050 8455 6701 2683 9252 2206 386 4070 4399 3761 3658 1018 9198 1580 6327 3668 2481 1791 4087
29 9168 1942 5721 4217 6283 8108 5435 3651 5887 5502 9973 3035 4100 6192 5606 9570 3837 613 7350 3445 2605 1162 2856 2896 4196 9045 1727 5284 973
29 3249 1030 7569 1139 4034 1562 8711 8968 9495 1897 4095 7284 3631 3819 5330 3963 1057 9553 905 5605 3342 9684 712 735 3661 2749 3072 869 6787
30 8220 9038 552 9699 6445 1795 1138 6036 4589 5074 1218 5647 4515 9833 3759 9299 4756 4106 6343 1480 5267 6165 5141 9945 6076 8994 2828 5317 7270 969
29 9049 862 3937 6168 4400 9761 3443 662 177 1193 9690 7906 310 709 3806 2032 3301 6850 3885 4604 4725 8806 1129 7998 44 439 3697 9555 4916
28 3387 5336 8400 8950 3380 4252 1004 3299 2001 4292 881 4002 1097 1482 6072 3512 4482 9626 3466 1356 1922 9306 4505 4287 2093 9687 5029 7936
28 9159 8383 8565 2252 5829 8266 1487 3203 6186 5879 715 741 5198 1879 3401 5982 2445 9567 7283 7716 2002 7452 6273 5996 5459 852 1875 5273
29 4078 286 5069 8890 1220 4355 8746 5742 7163 5071 1749 384 9906 4749 1249 3211 4693 3960 9726 8703 1696 6158 7987 6769 8845 9244 4643 8167 3116
28 295 8607 553 7581 4607 706 3917 3420 4044 5523 5603 4564 4428 6298 8489 5565 56 2929 3638 9009 2222 7169 6799 7551 9642 6029 1268 3517
30 42 1143 8434 4650 7986 3757 9242 1160 1167 8783 7419 1899 9809 858 2903 3723 8129 3890 4609 2592 4972 5414 6801 2978 9766 196 2189 2075 6179 9600
28 175 1312 7611 273 9980 6618 9272 1821 9153 5311 3817 3635 7025 7130 95 1391 3571 2453 1252 7160 1355 5025 9905 8672 2505 1022 7697 2217
28 6423 3169 49 9804 9627 3332 4231 8251 9531 6412 1708 6310 6780 8149 1392 6226 5295 1941 8419 4269 9373 4324 195 4608 1762 5092 4556 5561
29 8995 6668 2330 3618 1964 2746 6566 1998 2680 2947 5601 4383 6213 3251 305 3896 7159 299 5498 4499 3178 9840 1989 826 737 7617 3308 1739 8898
30 207 2583 2365 3324 5612 6211 8178 402 8256 8458 615 3431 2020 5108 9185 1409 6644 7206 2070 8113 7956 4211 2356 5792 8045 6201 3796 2291 7153 2436
29 4935 4349 2000 1275 404 289 5619 3858 4025 8588 2909 3603 6849 7157 2551 9588 6607 2309 7476 1006 2742 7137 4121 2796 8197 5032 3161 3829 4171
28 9014 9718 9591 2858 7985 6912 1203 4387 943 7097 1526 9677 2314 1661 2970 3067 4555 4812 1043 7446 7736 4912 1527 2559 1393 6028 7850 7049
29 7418 8468 2005 460 3323 9549 8375 8718 685 5568 2028 4101 3134 4919 7114 5270 9119 3231 3880 4301 9341 284 1500 3112 9285 3092 7926 2007 3767
28 2851 3782 1531 6655 5207 629 8281 1898 6793 4736 2373 1444 4295 9279 8901 4373 9209 9587 6336 9911 4285 1979 9503 6631 9633 7156 6271 8715
28 102 7539 8143 6474 1210 73 8913 8022 689 3340 8055 7771 9249 3449 965 6048 514 6965 4842 7959 707 9399 4265 3351 1509 2487 7854 7796
29 78 4922 5653 8003 7295 9625 7572 9585 901 2843 3229 9412 8558 5451 8436 6100 9852 9999 3432 9701 7403 1478 8075 2612 3045 2094 24 5481 2494
28 4768 4303 8513 6925 952 4304 7800 8646 6236 8988 4544 8769 5024 5122 3888 4814 8757 6759 6875 5858 9744 9608 5091 3909 5586 1323 362 2497
29 7584 994 9202 1410 1421 3733 1996 6817 5757 4958 2100 8832 2842 1642 3941 8031 1613 4191 9749 2127 3966 8287 7714 7713 1939 4590 1533 511 960
29 9888 596 7173 9224 2815 9678 2298 9648 8274 3481 4665 1799 2148 2463 9217 5804 3102 1117 3594 4086 4606 1251 6254 2282 7332 8165 4058 9724 7364
27 9435 4246 656 3694 8053 3610 3114 6361 437 6606 2891 5488 6388 1170 4312 1456 8414 8186 2598 3397 8102 8852 5629 6784 3120 4940 6135
29 2209 6488 810 5669 1267 2775 8834 4395 4758 9442 6357 6672 4823 1972 5093 4351 9617 6884 755 3142 2023 4073 1232 9948 1786 1798 1071 3633 2630
29 1574 3704 9104 4937 5826 2126 6727 8620 6550 6824 3110 3553 865 3390 2704 9430 494 650 2700 6957 3738 1902 8010 113 4646 2706 7966 4063 7010
28 306 9447 8286 6117 3405 949 8831 190 2788 5904 1045 8536 8020 9060 214 4033 5331 7208 5194 7420 6903 5873 1978 3015 6972 7801 9782 9914
28 4189 2713 8710 7864 1737 7715 6826 8873 5159 5403 9035 2412 5438 2576 1504 6282 4149 6124 9611 1335 1987 5735 6602 5560 5196 8582 4516 2155
29 8946 8394 8399 3659 9120 5102 8754 3619 5760 7703 2068 6648 6948 6174 4157 6166 8370 226 9758 9532 9541 2476 7490 7524 7411 6798 2670 4097 7456
30 934 2607 281 9891 6102 3680 7408 3997 141 358 4040 6318 4266 3685 7919 1413 1887 7438 3088 2460 5641 1755 4427 7073 983 8043 5276 5712 1665 9577
29 7426 2351 8166 5675 1059 7723 8500 4472 8377 1120 5508 8943 3721 6601 3942 6743 9011 8847 4572 8525 2932 8382 699 4255 1305 3607 2371 7165 4131
29 9189 3104 1712 8778 8613 8439 81 385 2247 1304 5514 7672 1919 4382 7739 9344 5485 2425 1931 2596 7646 7497 423 1328 2953 5275 2357 7362 9558
30 1141 7545 5952 26 8872 8714 1994 5580 8581 4079 1259 4178 2255 2416 9694 1662 4488 3799 4321 8537 7550 201 8163 6560 8685 6717 6041 2915 8360 2480
29 3042 5160 9957 1186 2940 9520 6966 5925 5639 2303 5189 4293 1988 3849 1103 2151 7888 1858 2128 5977 6803 1475 1501 6911 4367 8981 4793 4923 6216
28 6229 3492 3579 8885 1465 8937 1542 4251 6328 5142 5096 123 9043 7962 1894 635 505 6476 9846 1334 7034 7902 6289 1682 6360 4699 4866 7899
29 4466 9727 1924 350 291 6421 6500 1245 5739 550 5068 7352 5405 8482 664 5299 4750 1033 1471 6949 1949 3294 6489 1874 8533 2834 6161 5877 7652
29 4052 3632 3630 6155 5171 2137 8865 939 36 7390 1668 4687 2780 1701 2800 9668 6492 1645 3162 1850 3140 2461 1586 8811 6688 8164 5609 6974 6164
28 1048 5837 5492 9042 1429 4181 6519 6369 5105 6567 2931 872 2495 6471 8254 9823 6953 9653 1624 864 9638 1827 9348 3687 6169 3030 4235 9478
28 2805 3076 8903 2399 9621 8663 4858 4377 8441 1307 6609 4988 8035 4218 9796 6438 7676 4305 761 6568 9114 3133 7799 3141 7807 8776 9971 8631
28 3423 8128 5213 3322 779 2912 4673 1299 4831 8325 2426 292 189 8807 6439 8599 7273 3222 7582 6372 8430 4848 4733 2257 9041 4998 3540 7722
27 6950 4236 6294 961 3391 1283 91 5163 1326 9835 1023 3356 7242 5800 8578 379 8336 2118 7241 1569 9402 4409 1479 5864 6573 2380 6942
28 5919 8896 910 2599 5968 7728 4795 9762 2179 4272 7032 6449 9278 5265 4471 5746 5248 4534 4357 6894 8173 6316 9661 1254 6308 2999 6240 4625
29 1572 846 9075 5632 7232 5726 2346 9395 841 7401 8760 545 6882 6878 5220 4421 2224 8480 6734 6383 5143 9176 8243 2962 5805 7261 7004 7908 7414
28 3153 2765 3460 2472 4195 1430 2642 4524 3158 1693 3546 5699 7247 9455 1453 6350 5484 2792 2131 1729 8809 4810 8632 7683 192 1464 8151 9343
28 6392 1125 9747 3044 1024 4250 5052 1904 4017 4691 3402 1585 3686 729 210 96 5880 1224 1058 9512 1605 137 1857 787 497 2119 1484 9802
29 4960 4949 8227 1860 7151 2358 9537 9315 3192 1555 5397 2062 4892 9365 2056 1706 6698 5037 3327 8674 4781 6886 2443 5571 2095 8987 9615 5418 7234
28 8097 9288 5966 6509 4834 795 9407 4734 720 1020 9281 1524 3926 178 6624 5731 3376 6678 6682 4508 469 6101 2109 8567 9320 6722 6598 7417
29 9371 5944 4238 7449 8204 6844 7538 8292 8316 1680 6914 8967 916 1498 4213 8295 5741 4035 9783 154 4558 2074 7977 1951 7746 3451 8744 8265 4329
29 1769 2550 2954 7922 8699 2768 5796 7598 1888 4521 6715 161 9092 5118 1829 6696 6530 1341 4860 279 1200 7594 2553 5521 1626 9778 5507 9841 1921
28 152 7216 8431 5483 5574 2519 6105 311 8528 2009 2867 636 71 7346 7844 8175 2419 5651 2723 8208 6913 2089 661 3208 2776 8941 4526 9941
29 660 3775 8017 1100 5585 4314 3019 209 2542 5133 2260 2946 5894 6508 8135 8283 2110 5272 4763 8822 867 1153 1900 2926 3940 8880 2059 3422 4300
28 6808 7175 8415 2012 1554 238 6221 5376 8004 620 6918 2948 5611 5839 9355 1173 9262 7225 6270 1284 7657 3577 3948 3859 9828 3279 3529 4331
28 4071 8183 5528 3679 434 6876 6634 6212 3887 1269 8089 4375 7949 4098 9935 1713 3869 6712 6967 8098 3793 5753 1086 4681 566 6012 8037 5470
29 6424 9248 1805 3476 2239 9322 7406 2745 7317 6675 790 521 4316 8722 1553 9716 2315 6353 4162 4372 3967 8729 3990 6981 8527 2054 5161 2556 4014
30 5057 1925 4765 6871 3417 7249 8257 3528 4953 3678 1872 5304 5289 8115 3828 7199 3400 2485 4706 6232 6132 4154 9146 1731 37 8110 6068 6371 1367 6906
29 1587 1359 7475 8745 7367 6322 9504 9439 8517 789 594 9482 7830 8938 3382 2348 7778 6940 6739 3549 7685 7198 6342 1031 5819 5536 4197 2431 2661
28 5046 8504 7402 6258 3620 6520 2920 0 9781 1519 7257 4882 1695 9464 3175 9876 5531 884 2164 4806 7548 8531 1112 1287 7930 287 8387 7534
29 8849 3179 1330 5153 1053 9777 6658 3489 9314 8655 5592 8755 55 5761 3271 7307 1673 4648 9922 348 2787 3413 5319 3713 3214 9894 788 4419 5885
28 9111 8545 7397 7219 1505 5086 2138 3669 6274 7078 1360 3194 2389 799 2428 5540 7758 5573 3754 1970 3736 6852 8169 6534 5110 4224 5216 6537
29 13 9136 6992 4279 6351 443 2840 9898 9660 2955 1435 1206 9222 8963 7058 4477 8975 756 8495 4405 9234 7391 2199 8836 1470 5907 1615 2968 9255
28 6197 6980 4751 7060 4715 4677 8410 1433 4885 6364 753 6454 5869 4743 9326 1736 8837 1450 2473 4142 5264 1966 25 8146 5926 3956 6647 6422
28 4764 5326 9441 477 2578 5313 6049 8572 4724 7105 8668 7939 6510 8038 8348 958 9674 8082 3773 6333 668 3309 372 5677 8100 3979 8412 3642
29 7937 6785 1751 7724 5148 2218 456 7768 4247 3989 3277 9871 3124 9844 7953 4280 8242 8425 1720 7041 9028 8071 1372 1877 3649 4380 5789 503 6207
28 9714 5557 128 1700 5423 792 5506 8812 290 8917 7935 3127 9081 4943 8362 8200 5493 1955 6043 4220 9369 8633 3752 5386 5685 9866 6088 6627
28 4974 8339 5206 2140 5117 6262 5637 2687 3185 8206 9500 9964 4179 7321 7586 9681 1918 1789 9779 7095 9926 3980 8104 4741 6828 8895 8290 2587
29 3590 2086 4951 9459 1398 1260 9825 308 106 6331 3545 7122 7560 8278 1914 278 2387 1403 2319 1201 4668 4772 4463 8940 2721 9579 3138 2585 1793
28 602 9740 4807 3598 2253 4628 5683 7369 1620 9634 2011 933 8752 4160 99 9400 4610 2899 4837 8452 1703 8157 1669 455 9517 8792 1345 8395
29 9321 9157 4088 6032 9397 4739 8634 5850 4630 9883 3379 4869 1489 8334 895 8688 2740 5098 8016 5288 4245 5710 9301 9557 7463 396 9444 9643 2980
29 4141 1035 2813 2469 2767 7667 1131 9892 9853 9737 7761 300 4379 3807 8329 8713 6146 180 326 6381 3093 4563 4449 857 3157 6358 8105 4339 8909
29 7576 7337 2649 9930 9382 721 3242 6866 3904 7680 5474 5036 2397 4215 376 1171 6119 9295 4865 2402 8457 6401 5715 6909 2063 7521 5734 9100 3504
28 570 626 8952 1822 8237 1588 606 8920 9994 2083 7767 8144 9490 9367 6742 2631 4043 7578 5853 9026 5902 6926 5599 1812 2523 2400 7568 9741
29 962 3171 8592 540 2914 208 7464 6215 3156 3487 5192 6999 5497 1467 337 4139 3814 5989 9920 6987 6923 142 9364 7505 5261 3457 4257 1653 3952
29 7883 5383 5903 1590 9076 3118 8958 9133 980 4396 1104 5404 1244 7792 9091 369 2290 5899 9345 1582 827 9206 3655 7228 2731 7856 8978 283 4659
29 4065 4066 5476 5128 5258 6822 6427 9182 1895 2511 995 1182 8855 7509 3894 4230 4700 6905 1338 9429 562 315 6771 1878 4459 8376 6823 8514 5486
28 5465 476 1407 3518 5436 1300 5424 5253 4577 3813 8808 5803 8426 4417 669 8276 9717 3615 9237 8212 6116 4036 149 3943 5231 6881 4707 9799
29 7633 6425 336 5534 3164 4627 964 3647 9436 4163 9545 2548 1796 9261 8796 86 1848 1623 772 104 728 3165 9813 399 9710 6184 2969 212 3227
28 7662 405 7358 2396 1123 5525 1804 4205 4263 8877 4153 2825 1176 6457 1353 4207 211 5150 5750 8397 3338 5558 7074 5936 8731 9731 2879 9154
27 8099 3505 7329 8282 6005 7870 6522 4117 135 7071 5106 6993 5808 7167 4815 6807 2321 6900 9226 5656 8408 6661 6022 7991 5678 9645 3870
29 9488 9589 8073 5127 8234 1604 8970 4478 5084 2989 8652 5309 7056 7860 838 8095 1616 3109 2029 6087 3357 9245 9486 1841 818 9134 8272 9349 8351
29 4753 1271 4503 7351 663 515 8285 4048 8876 7651 6856 6460 92 7077 5067 9325 4525 354 8156 9801 2831 1843 3498 8363 9788 9774 8784 9882 9895
29 7914 4447 9361 3005 1558 6255 2391 3103 8000 1370 9921 7334 2699 6010 628 3692 7795 904 3408 8138 3999 1814 8344 3688 692 2510 9164 6149 9527
28 8346 5503 2482 9836 1217 6622 9571 9240 7038 3835 648 6814 600 4748 3108 4676 7081 2174 2259 8380 3032 8962 6335 2248 1634 451 5930 4188
27 7148 3665 8851 4311 2212 9329 3486 9084 6847 8067 7983 9370 3700 5346 2888 2972 9534 1087 5094 6194 9318 2694 1281 1881 4683 5042 6835
29 3363 3452 1285 5516 8615 1042 2644 7338 8262 1671 5350 9703 4092 673 3026 1598 3535 595 7684 5034 401 3750 8789 5101 6833 3041 1891 8268 1177
29 4322 8730 3899 9039 3707 589 9989 9936 7483 5045 70 8815 1044 3812 5379 2251 2219 255 8684 8331 6870 7444 3221 3586 4664 415 6397 6542 5392
29 7427 6152 1491 7230 82 8072 5351 9753 4575 8289 1683 3298 2262 7532 1771 8597 7836 7353 6792 2192 3969 8557 9205 3996 856 9563 2306 2668 7326
28 4804 6897 3051 16 7416 9258 5912 7054 3195 5235 7610 7039 1319 3629 1308 3674 3047 4780 1265 246 5626 3593 50 5232 7616 8682 950 1993
28 5777 7704 544 2304 6556 4639 5916 7981 4289 6697 2474 4456 2004 6836 604 5662 5755 2684 3973 8580 458 6455 8690 6943 6495 7008 2530 1508
28 746 3929 5908 8733 2535 7974 745 9675 5822 1082 6574 5791 4985 1294 6147 4027 1632 9509 3945 1992 7920 7933 4907 6325 2329 4548 8819 7820
29 4852 2864 9470 9219 1380 7176 9238 2728 7468 9093 5440 3434 5411 9501 8762 2193 2484 9405 7333 853 6834 4971 2025 6086 1958 9765 1678 9404 722
27 654 1247 5345 6030 5448 4495 2591 1149 4174 5749 6183 3314 5664 7099 1054 2798 1240 8199 176 7819 9468 607 5702 9805 2848 4512 8964
27 138 2335 3560 8936 5949 236 2450 5911 1883 5793 8505 2720 7884 1358 6134 3567 8587 3248 5602 8181 9550 349 9069 1119 6303 2456 3531
28 1965 3181 271 2963 3009 6794 2608 6747 1810 4792 2590 6976 5259 5962 8223 4492 4085 8056 3217 4022 4729 3447 1454 7970 9586 3062 9163 6148
28 9543 4796 2557 8829 357 4530 9864 9939 4370 1694 4223 5137 9769 5820 8882 2658 3891 7027 1379 3843 3864 9623 8576 8515 9705 9987 4962 4875
28 1577 698 6635 5298 684 1282 3297 2541 6740 5687 3484 5000 6612 1314 8621 3470 3043 1652 2639 4208 4859 7658 4783 9713 480 368 9330 7272
29 8057 23 5555 6092 9190 8766 4730 6205 2983 9733 8013 4921 5292 3246 7112 4365 3129 7236 5357 4359 6525 2347 4242 186 4008 4228 8484 119 6413
29 9988 159 7251 2169 6177 4001 930 7915 5312 7671 360 1395 1405 3136 3061 9616 9683 812 8379 8856 8405 5250 5180 442 7544 7741 8187 6133 5921
29 2265 275 68 6363 9268 7679 675 6652 87 4542 9917 1172 9158 4602 3096 4080 4843 3596 599 6555 6107 8359 3994 1374 6916 9613 2789 7422 900
29 1386 5097 7496 1976 4144 3049 5323 2613 670 3144 4504 7958 6082 6749 7012 3672 4232 398 4056 6604 7547 139 217 18 8032 7738 5054 1851 9958
28 1109 1691 8969 2736 5520 4104 7201 6218 1610 7815 1493 4873 2121 2973 7882 4340 6403 1073 524 549 6019 7092 9433 1930 2691 8830 4674 2952
28 2378 1425 3471 5310 1855 6027 1865 8423 5935 3508 3315 6098 9434 922 4332 1571 7994 4787 967 3768 7302 7389 5719 4905 4811 2273 6639 5269
28 3123 8472 6959 2244 9150 4983 5857 9795 8005 9270 7875 560 8821 345 1853 9673 633 6628 2246 19 7786 146 2437 9667 7106 5618 7978 2084
30 2672 2297 5197 7982 1197 919 1854 2410 5401 974 1423 2760 9072 3094 6044 7656 1221 7803 4738 8259 5335 9271 6196 6694 2285 892 7677 5372 3918 6632
28 5500 3991 5529 9052 3455 3267 3573 7880 7202 4929 4460 6552 5847 1936 5104 6786 5013 5385 2112 3017 9775 293 8902 3237 882 3758 9544 4678
29 2417 8121 1842 3919 780 5020 5522 8790 6744 4889 7135 8214 6693 3798 3974 57 5971 8972 588 1684 3788 129 3070 6239 3369 5344 9904 7537 5065
28 8709 4797 5237 4777 5251 7149 8454 5748 4432 1011 8008 8892 225 8883 6846 6521 1763 1910 2665 2816 29 1447 6260 581 5256 120 8879 9418
29 5062 9498 3027 1675 1178 2873 4323 3587 4145 4785 7727 9780 4667 5848 5581 1416 4125 3068 7635 9294 4333 2764 3627 2177 8241 4346 9767 8216 697
29 1641 8440 2777 6961 2930 1293 2838 7541 2233 6097 7503 2647 781 5993 1667 3978 5239 1578 2726 1296 9265 3526 8622 9886 3014 9064 8270 5851 2149
29 8551 4805 4773 4327 1890 3851 3783 2908 5878 4031 8258 9793 8801 3584 4918 6904 903 471 4202 3690 5893 9682 11 3352 4337 990 371 224 7162
27 4077 1468 288 1325 4175 1639 9943 9808 7455 7243 7928 8591 4343 3747 7779 6180 4704 500 46 3749 3200 9167 4721 6356 8195 9188 977
28 7324 6319 9940 3462 8162 8462 7110 926 1427 3228 1069 1459 2165 1830 7200 2111 3824 5927 5362 5722 4537 876 2638 7542 6311 4714 3570 1445
28 4398 7030 6595 5387 9967 9963 7299 9107 3715 6872 7037 642 4147 7663 5767 4072 3650 302 6120 179 9102 3561 8772 9523 6920 4841 9388 9860
28 666 4474 1021 9785 3623 220 5353 8460 8182 7190 2763 9057 683 580 1636 7196 8319 5123 5078 8656 3223 8427 3135 2104 9023 8928 6390 2681
28 3511 7343 5938 9606 4152 5126 134 7927 8700 7876 2943 1163 3241 8925 6502 4335 193 4493 7832 1757 3617 9210 2987 1337 7413 6673 9650 8096
27 3815 5756 5134 9073 8701 4096 6395 1525 9798 7743 4047 8611 6735 7146 7681 6518 5415 2997 748 5328 9680 5016 1181 1361 5780 5365 7756
28 6603 3503 4803 3953 2049 4694 9485 6547 9308 4822 5550 6018 9845 8140 6540 8497 3602 759 6064 7535 7017 1311 1685 4984 2385 1607 4965 6511
28 2182 3628 928 9735 6504 8293 4350 2679 2175 4726 9593 334 8826 7344 9196 8764 5205 307 763 4216 7140 2117 7583 8708 6637 7772 2157 7264
28 4760 1831 1704 8052 4476 7721 9467 4487 4348 597 4898 3058 8691 3464 6591 7033 1469 7591 8571 1400 7971 3358 5140 197 7192 2911 696 1185
28 445 6796 1779 4966 3716 1229 572 1657 3304 1074 4818 527 710 866 2527 999 6400 7943 5047 7669 242 8388 2491 8846 5650 6821 9918 819
28 7828 5939 8977 9019 9899 1681 5022 4358 2161 6344 3280 7873 9739 406 3477 8732 3409 2975 7003 9644 8069 897 4790 978 9148 321 7885 7559
29 3236 1348 702 1417 8471 7488 3090 2797 2846 6329 4497 2610 8512 8886 8422 5505 3319 5816 2362 1510 136 5922 4336 7618 4973 4352 6960 5240 6479
28 9282 1893 7529 170 5308 5 8569 2853 902 1207 1228 5770 6386 4161 4776 7385 3971 6288 6964 495 3924 542 695 1834 8218 4890 3403 2367
28 9925 5771 2459 3139 7381 3300 2738 1603 2061 4684 9502 5441 4090 5006 2475 6621 1780 3433 5923 3597 6592 6583 4108 6366 240 1255 7178 1911
30 4473 9538 2069 5115 7442 4084 1076 1238 2950 9327 8025 7091 7423 5828 2014 8109 5943 7673 4645 424 1084 8021 757 4012 5764 9679 8916 1313 1235 647
27 5798 1424 6890 9592 6278 2018 6359 5862 1039 5509 8222 8605 7682 8148 3886 2945 2333 483 2458 4816 4485 2360 105 4412 3664 7805 4275
29 9215 6001 6640 3682 3702 2236 6551 2334 3711 8493 7209 9247 8939 6941 3054 5519 3639 1654 3329 4439 3965 6536 8905 4468 6713 1937 8891 4897 9192
29 6669 8590 9756 4006 8193 7865 5228 6419 5168 1971 7407 2122 8665 6129 947 1439 2216 5640 9511 9171 8030 5872 8308 1716 8002 65 8585 2804 8618
28 2993 8568 6765 1926 4200 8046 7239 3830 3802 4559 6225 3490 394 7290 1726 5827 9419 5393 5468 5338 2773 8014 6541 8955 7508 3057 2850 7886
28 7995 3551 5511 3735 8445 7621 590 8463 2707 5023 7466 3174 2984 7692 5646 9169 7231 3539 4464 155 8719 2566 948 5391 3311 1540 6587 8636
28 6845 9992 6482 2430 9590 3091 6902 6312 8728 5314 8191 5428 2404 4551 8908 2364 5692 8444 3428 1384 3538 6355 9686 1800 3274 6442 2016 531
27 1472 811 89 4957 9772 3186 7349 1012 5278 4334 4168 9466 5367 4199 367 4051 762 4742 3600 6297 9649 3154 3510 5549 4680 8774 537
28 9155 8406 5917 2305 3150 8697 4302 4394 8518 4446 2230 4519 8145 6811 1968 7615 3927 5614 7141 847 5866 9305 8647 6339 6932 2881 2620 3048
28 3256 3235 7011 8841 3291 4053 4486 8478 266 1118 83 7059 2017 5048 8490 3213 4740 5672 4879 5871 9715 9036 2072 6832 843 769 8443 9700
27 3145 8152 4068 6374 7144 5682 4621 8914 4500 6185 3825 6434 2577 5909 7075 5790 2200 4261 9901 5469 6126 6723 1546 7477 5398 8640 7996
27 993 6770 1670 6382 2633 6554 9599 4185 230 9420 1215 9218 7001 1452 2300 7700 1611 9266 8403 1945 2102 6501 6907 6783 7246 2213 7215
27 9340 6154 7421 3172 1390 1133 4298 8793 5763 3336 6191 3290 2589 7276 9283 9525 8429 3245 4731 4041 3613 2340 4061 9698 3024 3857 1154
28 558 9826 8481 3264 3696 5542 9803 7489 4799 8603 4130 2935 8435 8864 9547 2256 222 6045 9518 4854 6047 1481 8084 6577 3355 5970 655 1635
28 2452 3496 1807 5247 2141 504 1198 1735 1839 1301 8213 8857 7404 7005 3889 7126 7622 2087 3852 9521 9357 4283 5225 9020 6506 7089 5021 7907
27 671 2793 3260 2048 9719 6731 7117 7392 9231 6800 3507 2066 1744 6450 2283 2043 7813 8973 5754 786 7301 6782 1576 6305 7837 1503 1363
29 4661 4433 5740 3064 2343 5318 7605 9583 9338 7330 532 3515 8231 3730 2893 4148 6726 4054 6195 1164 7226 6855 9652 4999 2927 4820 340 3769 5033
30 4616 6683 6754 2384 3557 8681 7065 7561 1602 5055 4728 2826 3360 6272 4368 1783 2312 5419 1743 3916 6514 2210 4209 1583 218 3717 9398 4268 2134 5193
27 2636 6062 9951 2042 5400 9097 4221 8911 5510 3850 4774 2184 1102 844 5373 4240 9551 9896 1940 4709 5243 2454 3930 2088 5375 9296 7368
27 7822 6578 1192 3582 1515 2053 4015 9362 261 3565 3506 67 9250 7588 5114 407 4103 4498 9516 8301 7250 8716 6499 9208 8953 7839 9768
29 395 6245 4769 7279 7482 7086 3079 3558 9451 400 5413 1723 1920 4546 3801 2949 2245 4847 7357 1901 2628 9479 4426 2884 4877 453 7861 4767 419
29 8407 534 6819 817 3845 15 2918 7278 1098 2552 8677 5169 2316 877 2981 1457 418 8158 2839 3414 7780 1438 9472 7967 8542 8712 4954 1211 3554
29 9872 8835 8297 7026 2664 2221 6990 4454 4457 6233 1092 8813 9303 6337 6398 8610 4623 324 6853 1748 2750 7954 2162 3163 3946 9542 2902 8945 2791
27 6190 1196 3385 6973 678 3346 1342 1306 1032 8330 4720 9228 2944 6156 1114 5394 5422 3776 657 6608 5814 2865 1995 5882 5849 6947 3071
28 2823 3247 9743 9632 6563 4192 2710 6446 2289 1083 1643 1460 6378 6063 2882 7558 8758 9174 8230 6549 6031 7263 7101 8203 8018 166 1928 2582
27 5552 7487 7014 9128 1644 9831 3326 5274 409 5659 4443 5834 6137 2546 318 2564 8023 4595 8086 6259 9259 8838 3729 1396 4274 3305 8465
28 1753 2202 1140 8083 9974 4887 1414 5396 6553 3212 2735 8296 1128 3010 5947 6451 8087 325 3718 5676 118 2284 1538 3547 1601 2814 7655 6588
27 6638 9257 5881 2479 9937 5693 2771 3544 6860 5175 5998 2818 4578 30 8288 335 1213 3089 3296 5004 2655 2294 4571 3663 3467 9873 2451
28 8595 9366 276 2640 7519 2801 1592 9880 8627 4679 972 6145 5063 782 4120 9312 5958 2660 1619 6023 6642 7339 1974 1209 9099 637 9403 2659
28 2652 5846 7331 4529 9629 2301 2136 5439 1317 6033 8931 1144 5450 6483 815 183 6315 4389 6035 8930 8280 1628 9181 2398 7050 6762 7593 2406
28 3233 7494 9236 5696 5724 6816 5587 3500 3320 8131 8284 6367 4294 8761 3525 2714 2663 2026 875 3052 7904 3023 6569 1518 172 3101 825 5987
28 3902 5008 4507 1772 9640 5610 4969 74 5277 1986 2116 5417 3585 2010 7763 830 7585 244 260 6458 3087 8922 2376 4666 4384 5736 9354 7527
27 601 4166 108 9384 8549 3847 6309 1064 4306 8224 3606 4696 9135 1458 5214 3641 5154 7628 591 8473 765 8451 4222 2275 7843 3957 6625
29 8315 7096 9646 8438 2747 408 9223 7356 8469 7462 9815 8189 9618 2082 5727 7124 5487 8155 8271 5616 9105 8209 2529 8648 3588 5937 9505 1350 8114
28 9742 8386 1205 9636 8584 8594 8532 3905 2722 4124 7824 7941 9414 5972 5978 1169 440 4133 5111 5321 723 821 6293 7281 8750 8374 2809 7492
29 9284 7574 6778 5461 1241 4817 7910 6752 8687 6708 8147 7645 4835 3317 1145 4258 5590 4752 8868 9269 6071 8474 3483 2115 2311 4895 8589 5562 2894
28 9211 9243 2855 3867 5940 1276 690 9393 2919 8617 2040 9300 6114 3446 5577 6170 3884 2625 438 6095 8508 5155 5342 1981 796 578 7718 5107
29 8090 726 6046 5895 879 6766 3541 4672 5802 4997 4064 2643 2859 9 1063 9483 4470 5212 6505 1844 4920 9013 3542 9953 2866 1486 9573 518 7887
27 7609 352 2524 2573 8277 6304 9622 8848 5900 59 353 7838 7740 2114 7184 775 1156 8291 148 8704 1381 351 9221 7604 5430 6496 1212
28 1466 5967 5794 4046 6677 167 7944 6979 4413 8944 6705 8350 6728 7973 6426 1488 7733 5038 9337 6004 4744 7445 3426 2393 6153 9463 2594 5044
28 8724 1365 487 9416 837 5883 7988 8553 3130 9363 9857 4952 4511 8279 1070 6565 6963 6526 774 8048 2240 296 732 8522 31 5960 6142 8670
29 5354 2496 227 7969 6790 6767 132 6286 252 7835 8499 3146 1320 8509 6772 2015 7546 4557 1366 1884 1332 5684 506 3995 889 6929 9723 6269 1773
28 6891 3119 1066 9559 4716 7158 6267 9533 7597 373 4657 9116 6486 2615 9666 1567 4946 8171 4886 3964 3270 1570 9508 1714 717 8658 1473 7471
28 5262 6610 2512 6150 4697 4553 6643 8741 9006 4520 9173 1880 7072 8255 5718 9050 52 3125 3569 7504 5363 9849 3478 6761 7090 3404 845 5517
28 9858 3533 7929 3126 5066 8526 7513 6854 8476 6138 9983 2076 3705 2171 6895 9098 8196 842 6307 4928 8881 9631 5686 8749 1705 2444 2810 4361
28 7735 6347 7309 8324 3992 5210 2673 1302 3912 2654 6893 3982 7846 2632 3152 9794 5567 5773 992 3789 5607 7659 6040 8803 4762 6332 5227 2254
28 3611 8654 3643 9984 6313 738 7061 2021 1871 3637 8047 1034 5600 1838 6611 8960 5628 6695 6589 8600 7827 8763 754 2422 6377 4353 2956 5723
28 9890 6597 5077 5751 3442 605 3804 4089 5406 6276 7036 9704 1303 4074 1142 3073 5242 4299 72 5929 5762 6840 932 3527 4995 8501 6217 8392
28 9328 5613 446 1442 2841 6016 7691 674 9851 1792 4431 39 2878 8015 48 1536 5056 5554 4618 776 9938 8951 828 9277 9912 5543 8583 7774
29 1764 6879 5537 3524 309 3731 1222 4874 6277 1290 868 5694 2092 9824 2939 8168 6617 7143 8300 8767 579 8998 9657 2383 8810 2779 556 2781 8805
27 8267 6265 3698 653 6485 8798 3934 4325 1980 9526 5818 1650 8814 8124 8860 7912 3419 4826 3282 7085 267 8556 2885 2942 9869 6264 3107
28 5370 8125 7636 3268 3412 9494 1917 1730 3785 413 7195 7554 7312 2730 6365 6714 6494 1246 5444 2361 7454 1331 7048 7647 621 2907 282 711
28 7901 5041 3333 7707 4784 5867 3348 3243 7045 4579 5501 223 9233 9207 3180 4328 3359 1702 6314 7571 3206 5011 3838 1378 9476 2616 8619 2565
29 7256 8205 417 9378 931 2677 5079 2574 3777 5407 1622 2857 8666 3003 3786 981 4522 9487 268 5164 1234 3053 3578 2065 2211 677 7934 6806 9346
28 8453 3128 4458 1597 1264 1093 9406 7316 8723 4204 6927 8721 2743 4851 6075 8226 4654 5572 3395 3874 8456 5039 3727 6654 1655 6626 6865 6051
27 4801 6497 9227 422 7177 7203 8111 6764 1219 5322 1557 1436 8639 9256 4414 6977 9776 6527 9125 7269 6517 464 7517 2501 2807 7315 8694
