26 2735 5615 9306 7446 5054 7386 6570 9177 7274 2989 1069 9038 4582 232 9299 8755 600 5518 6372 8985 6303 9986 6509 8251 9354 1569
19 6689 9090 6804 4807 8419 6438 1884 559 5400 4858 2898 3862 8871 5569 5201 7147 4700 8131 8350
30 3090 6135 2523 3816 8989 1835 2385 990 1620 4871 4937 5317 1519 3979 7419 1715 1337 5165 2063 33 6144 9984 6631 6534 5936 587 4383 5973 4047 7001
5 1209 658 5698 9927 4476
35 6466 8149 2426 5025 6413 4409 3802 2076 5238 7873 2192 4892 7167 3992 9919 9185 8958 9447 8347 4889 3912 9448 4175 9953 960 8180 8205 4534 3727 3934 9878 579 4374 9532 8069
30 5018 4984 8447 3050 3420 2600 986 6871 4326 9075 5899 6907 9659 5353 3925 3293 1277 4621 1446 1906 5993 418 9726 4239 5840 2806 1599 635 3110 8740
15 9313 3236 5466 4154 8133 2825 2171 8038 6898 4768 5559 8738 7327 3331 8824
16 2519 7293 8021 7248 9613 4024 7682 1595 8644 6268 1198 3157 5486 9508 7990 1087
14 549 7891 9702 5838 560 5844 5835 1891 5155 9230 7560 9780 6583 1064
33 4525 8783 9974 4349 6749 9477 8367 6247 2291 8510 352 1104 890 6683 3135 7046 512 9431 5035 8443 6632 1730 1205 573 5822 1080 9660 7310 8613 7978 5446 9673 6479
35 5934 8557 3067 4502 6069 982 8854 292 1553 9928 6657 4866 3997 7339 280 2513 862 9968 6447 1387 90 5157 6777 8039 4012 3074 3927 5788 8626 3978 5836 9596 9960 8319 5003
23 4679 1949 3854 1299 6908 4259 4710 6552 4739 6459 4982 28 6224 7828 2674 6697 5246 1231 1506 3571 2940 6212 9865
22 88 9166 4959 7314 9297 1963 3807 660 5050 2160 1583 5014 9612 408 6378 4343 2762 2068 9212 8841 905 8047
20 7109 1421 8981 4433 4802 5340 2861 2191 3198 7447 2820 3309 804 2823 8569 3633 3703 6492 1837 7235
35 2465 8630 9768 1804 8146 9511 3047 100 85 5374 5298 833 7614 8857 5556 7521 4674 7797 63 9001 1720 9295 9957 5266 2392 3662 8076 5731 9942 6045 3369 6701 1454 6487 7731
19 7957 1773 3601 7574 3193 9843 116 2255 7124 1483 9443 7646 1925 9465 7906 3941 7395 82 9430
23 519 817 9191 8346 2167 572 5853 3098 353 3155 542 7422 4594 384 262 5315 8388 995 2182 3576 8152 9484 3111
17 4309 2424 5510 6202 3614 6397 6918 404 2980 2807 8619 4812 2080 5443 7943 59 7700
35 5970 7810 8203 9286 3554 9345 3370 6809 4485 6784 6081 1912 8373 1539 1834 1753 510 1824 5512 7461 4505 5594 3214 681 7024 1575 5095 8451 4769 9507 3787 6302 3069 1962 758
31 4839 6654 315 3068 2497 7628 8236 529 9134 9570 3746 377 6582 8901 6059 9103 1383 7939 9218 9958 8927 158 3806 3810 6281 9522 2615 2007 3064 144 2203
29 5324 8736 1030 6473 3191 4806 5584 3435 3759 649 847 8687 6389 8741 5061 2154 5904 9946 7853 1321 6668 6646 334 7771 8441 4968 2604 910 7410
18 719 3430 175 1016 5864 4096 6488 4459 6540 5498 6551 4999 6766 1035 3792 9608 2550 9567
34 606 3651 6875 5920 8614 671 9546 2745 4966 2924 1738 5603 9370 3278 7610 1876 304 4368 9142 8361 5383 3076 4110 3485 1172 7658 9746 2830 4149 6065 5294 8163 9196 3825
14 423 789 7373 3636 1250 8324 6946 1297 9482 8864 7006 8027 7506 2583
21 1776 2357 332 4029 3958 9381 9346 17 6289 1678 5831 4598 2631 9622 3902 925 5923 8744 2010 8797 4005
15 6031 8274 9858 8617 6962 7971 7712 8063 3 1296 4567 7871 8997 243 3088
28 187 1492 4233 1186 5662 5724 2602 8220 7498 8051 2229 8460 2715 1850 5080 4335 2688 9855 7852 3217 6050 6100 8409 1329 5956 721 4075 9049
32 6663 3596 892 4299 3058 2754 5952 8984 8164 485 4800 8798 8830 2850 9879 1953 3756 8881 2454 888 7486 9040 8825 9690 8168 4545 3349 9568 6702 4399 1341 2664
16 1066 7140 5359 5771 8653 1496 5913 1143 8478 9034 3350 9747 7977 6676 5334 7049
22 5335 7455 4437 4109 95 5719 1222 4652 6989 8737 8560 3373 7445 6178 1476 4456 6642 9240 2595 5878 8553 8430
24 8175 6485 2520 6265 210 6023 8412 5260 9623 4019 612 2882 4942 7354 3178 1657 4461 7942 1258 5781 7157 4580 5812 9736
30 1560 1227 7428 5120 9464 376 8176 2665 2377 6593 8780 4221 5670 6406 3392 5357 3982 4263 654 2416 2744 4298 8092 8358 602 3427 3059 3741 994 8910
26 4758 2738 874 8915 4602 7847 8030 2044 7315 3981 5619 3314 6345 7573 3127 6674 1875 6774 9079 5738 7094 8172 5110 2872 3705 8019
17 3817 8484 7677 3830 3740 7732 3793 4552 7805 8610 9644 1123 8307 5999 4893 9911 9868
23 3580 1447 5890 3411 4410 9182 751 6346 9481 5160 5465 4924 6821 9407 1767 3121 2104 3973 242 6628 3195 5573 2055
23 6252 984 6722 8911 9462 1275 8822 7725 7294 2029 6077 9715 7838 1608 4726 3322 4961 4401 7487 2540 4268 4186 5586
28 1273 1323 4421 3375 4115 6402 2771 2817 1494 9505 3394 9667 6437 4832 3213 3714 1933 7285 4650 6385 2149 5832 2851 2491 7524 4931 6019 142
19 7499 8711 867 3399 1743 5778 3682 4351 2222 8015 5022 2083 9826 5048 7673 6481 1718 8947 8543
13 1867 3197 6159 3263 6220 9450 9419 3366 7816 967 7493 6515 4337
29 7965 3655 3951 697 8464 7174 7901 3530 6910 8540 126 5083 4565 9318 6504 7160 9323 4381 9099 7100 1881 6153 8986 8658 3780 8488 2032 3819 9916
4 6822 3918 2736 7813
16 2432 5971 6924 1177 2031 2077 5453 3940 244 2388 9652 8316 5306 6452 6930 2939
30 7070 7889 6304 2904 9705 1729 2952 8671 8228 4384 7555 6416 4114 2281 5909 129 7106 7995 8325 6531 1572 8522 4900 2625 598 9259 7087 1923 5538 1038
8 1178 8088 3503 3871 4185 1055 224 5723
22 3055 2297 5815 6043 2109 6114 5739 4316 7945 3018 8528 3822 6768 1174 5972 630 6545 4332 5974 9058 4091 8210
28 4742 1512 1100 9805 6021 1430 3215 3247 4163 9849 4074 774 744 8512 8344 7798 1032 2091 5392 1285 1374 7374 4402 5896 8607 6084 7766 4133
2 8890 3774
18 6002 666 7534 26 2358 6396 8471 2918 5418 5561 8623 4946 5269 6074 9591 6177 9770 6439
9 8773 7940 747 1899 5894 1607 7485 4022 7460
18 8292 5218 8713 4080 9925 8108 7076 1249 3920 8084 3448 3312 7719 8265 246 6288 9417 9545
13 672 1838 7346 5250 8010 7815 9404 1793 784 441 5024 7649 1682
6 7475 1883 2436 5636 306 4811
10 8477 5991 5384 3153 6051 1202 3797 9097 263 6185
13 5235 7287 7804 8819 9178 1811 2158 4684 2259 2070 251 7375 3617
33 6277 3579 2511 3833 4028 4645 6274 9975 5995 3211 2366 6085 9758 8400 5249 5577 9683 385 4360 1885 7449 2903 5850 1927 3889 6136 2704 4079 9885 4446 3858 4354 3611
27 2720 7198 442 1508 2663 127 2362 1062 1779 7843 5302 6806 6839 1980 8693 6682 693 7620 5908 50 4192 1442 562 5461 3641 3890 7937
16 9409 1406 3291 7483 9356 2826 6906 5010 7878 2727 3046 2138 2286 7008 4040 3863
11 2920 1407 2006 720 1873 5495 5169 524 9229 928 9824
31 4094 7711 328 3866 3585 5158 4450 1325 6460 2921 2468 5481 7363 173 7743 4165 3401 752 9903 6388 4313 9756 8849 8707 107 2094 7565 8282 9294 3097 2273
32 3629 8932 5034 6450 615 3972 5656 2781 4593 3439 8028 9160 8446 122 4060 4620 841 4234 1769 8931 8356 6109 8999 7181 2606 6107 3762 8898 2322 1191 7950 3021
10 677 3546 6457 6951 8536 8766 3936 1763 6717 8195
10 3607 7114 4112 1640 6000 2180 5375 3326 7693 2053
28 9679 8262 8574 5829 2036 6446 6647 1480 8645 52 9441 3454 5314 433 6146 4647 2500 5786 3497 1440 4972 8139 9764 5798 603 3035 9993 7472
28 1097 3540 965 4666 9100 4344 4400 7769 2173 4561 5041 4747 1702 7552 733 2024 9170 8513 3296 2302 7054 4364 2764 828 3791 7404 4319 3032
36 5497 4877 864 9045 7323 3542 8194 3117 3261 7515 3895 1979 4821 8293 7645 5210 1905 2153 5479 347 4719 3383 2268 9551 5671 5416 9521 783 9296 2157 7044 6955 431 2103 1865 1378
16 9752 7612 4164 4720 656 753 4709 9044 3926 6788 6621 7969 5286 7533 8874 8377
24 6670 6662 4455 4048 3750 6926 1034 2494 8362 2757 547 132 5028 4422 3526 5056 7083 1490 2475 8280 8674 9396 6417 443
34 1757 19 1734 3603 6856 146 9981 7811 584 852 5364 3661 3939 7551 3700 7168 6549 591 8531 6117 4218 8625 8256 1507 3695 944 2962 3945 2152 9032 7589 9766 4338 4729
20 5440 2324 8586 2782 6352 6538 3082 3970 1862 2866 1836 6568 834 3627 4517 9277 4779 5474 2544 3618
4 9514 190 8967 5813
18 2571 1194 4867 3453 9678 7041 1081 2395 5792 9741 6104 714 3231 4272 517 5793 359 8596
4 563 5352 3924 6527
3 6381 7948 712
27 9003 6745 1977 4397 1944 202 3597 134 9490 6204 889 1187 1632 9122 4765 6577 6187 1971 4577 9059 9373 1076 3151 6991 4691 220 1722
26 3549 5491 6206 7000 1102 9199 4256 74 2972 1096 5247 2938 947 7195 7262 7538 2263 9193 8336 4178 2616 5423 8946 9338 6371 2411
6 4601 8458 1588 8823 7662 2591
21 7657 1438 1002 3685 1217 8109 4912 4970 6866 525 2308 6520 4814 7540 1095 1419 8363 2321 5055 4077 8618
21 2015 211 1071 4856 4985 9350 5747 9056 2687 3707 7358 5365 4375 466 637 2643 5148 7303 8838 5011 9711
34 8708 3575 7927 2518 8795 141 6062 1872 6659 3271 6064 7529 7389 4312 4535 2793 8525 1171 3361 8887 4926 954 5397 8964 9676 5946 4308 5331 757 9332 6931 383 7537 3386
11 5860 4693 3354 7243 1580 9116 4544 7245 3205 8968 1129
32 8758 5377 3622 7812 6331 6882 1541 7384 3606 4055 5386 10 2892 1690 6234 929 4118 7023 9531 7426 7336 1133 3460 221 7202 1408 6334 2334 2961 4474 5224 7223
17 9847 3708 7926 1851 2202 8197 4766 7989 2145 5839 8043 1809 2310 2862 9558 971 2169
18 2883 8158 2539 6818 4205 1245 3345 4879 6283 294 8072 4916 4014 1061 9600 6573 8002 5415
19 9913 5954 9284 4249 2534 6824 8745 3161 3187 7279 8349 8142 6209 762 7476 4271 3218 8941 9131
29 5445 1113 8892 3108 2250 6512 853 9062 3228 5700 5824 7866 8807 2596 7189 4845 6790 4176 3706 2685 5843 5013 8781 9257 9648 8082 2926 7011 1300
31 9976 2233 4194 1260 5234 4595 2954 2220 4939 816 9734 3150 7352 5326 1989 4212 7652 1704 1673 345 3464 1185 8100 2307 3956 4993 7219 937 5637 737 1306
28 4078 6189 7104 9744 6293 39 3496 4394 4264 5278 6605 1772 9548 577 3730 6704 625 2002 5784 5454 79 1086 3304 7496 307 4277 6872 6093
40 8310 7186 9851 9890 7085 7685 9832 7203 7730 1846 8869 5033 121 6379 4787 865 4358 7502 5308 7542 8291 1854 2911 226 3852 743 8479 3954 4254 452 5207 4611 6546 2185 1497 3335 1898 4479 5939 6191
25 6916 9864 208 9912 7014 7164 1981 5640 4809 877 7099 556 8668 8465 3998 2728 5585 1404 8639 7469 2629 3324 8070 9970 3562
4 4008 9046 3202 6349
7 9888 1803 2654 6915 4086 7909 7641
14 6263 9405 2963 8448 7737 3616 5107 422 1511 9900 4838 3297 7146 4392
30 1305 7156 6168 5090 9071 7535 8486 8945 9859 4775 724 8140 6036 2945 8650 8960 8390 4789 4730 5851 6145 4462 1661 4284 9525 7053 8124 143 6032 4662
31 6815 8290 7975 3938 3112 5433 7282 7457 3843 8505 9810 4884 5117 8129 125 8873 534 3628 4336 5277 5346 5321 2344 5842 7261 8269 197 2098 2697 6016 7437
13 3307 3990 2975 4875 3022 2060 1319 884 8423 9669 4817 7133 1009
15 303 3249 9691 9385 8079 5371 7153 8972 6941 7175 5797 7996 1653 479 2353
31 4071 9347 3865 1240 2787 6601 7548 5866 7068 4244 2206 1461 3115 8212 6982 8646 6820 5705 7003 8248 1577 3183 9051 4670 7349 3441 2487 7436 5735 9860 6494
20 2316 4208 1530 3462 9625 3502 2732 6407 9156 2270 30 2958 1752 2498 5031 255 7402 3404 3244 7581
11 1335 6529 7575 3767 8893 4570 9898 2609 2019 8301 626
12 2917 3148 1363 439 6575 7284 1706 5661 8424 7307 557 2658
17 8731 9649 3104 7580 7172 9042 6652 348 2857 9822 2547 8111 7519 8611 410 392 1825
12 8878 502 1412 2966 8413 2065 912 4675 3085 4032 3962 2430
25 1138 2536 2455 2783 1634 7239 8244 1590 9881 274 806 4464 9835 748 3823 8852 5078 1484 5549 1878 1663 5647 4883 9184 4649
32 9619 5227 1625 1221 1550 611 3057 552 1181 9952 147 7078 2373 7796 9592 958 3489 9877 6604 9748 8317 6999 917 9807 860 1788 7705 9024 1347 6795 4803 901
9 7013 9231 9642 2594 1301 8087 4723 3987 5791
23 2061 5387 3947 975 9634 7698 8768 8188 5576 993 9027 2035 4664 9074 1679 9474 8067 4106 6974 9489 3516 2879 89
30 5086 109 7768 8803 6454 8937 4880 5279 9478 7894 7508 8963 133 5658 684 1525 5191 5728 5115 6500 6295 5493 6616 5460 2824 8724 7204 1359 8122 5874
14 4058 1372 9282 9252 3330 3745 5121 1868 8676 4731 4315 9387 6840 8138
18 4618 8425 6068 9874 854 7492 2551 767 872 4492 7228 6569 9215 1001 1207 1084 2224 2208
34 7929 3640 9274 3557 3906 6305 7759 7019 8695 2260 4584 7490 4062 6888 9884 3031 2340 7583 5589 8875 5349 2575 1358 3980 4861 4908 3914 2196 8654 7938 5408 2554 638 4445
12 5300 3358 8345 9854 333 2193 3310 7845 4261 8641 9771 5697
15 1315 9733 5332 7630 9959 2832 5618 4448 5940 6435 6614 2133 5293 8594 5665
13 9707 8965 5284 3242 1618 7332 5833 2876 9811 6273 8463 4145 6278
31 7429 696 1689 2780 6186 895 6927 8882 5837 9151 2292 8987 6864 2383 561 9880 6829 6891 9725 7137 4573 2469 5229 4466 323 2354 2752 302 8622 5696 7441
22 7861 1605 3329 8784 8991 8128 6648 8116 2527 2415 6041 2645 458 8366 3139 7718 6733 518 5274 9363 4252 820
8 4059 9406 2626 4920 9951 6076 1817 3185
6 5192 1784 6004 419 4411 9750
17 5299 2589 5746 8410 3921 2352 7438 9604 826 9019 5190 9791 7350 6723 2929 3238 750
10 6783 4873 2791 3188 5955 2570 8530 9138 2288 5272
13 7401 5858 6786 318 1381 2088 9243 6586 9010 6300 5988 4540 6870
30 4855 4428 6455 6922 6739 4065 1721 8662 8017 3436 1402 9205 5625 3660 2894 4603 7199 7473 1675 149 160 5773 4231 5949 7751 7131 1549 5280 7539 295
15 7463 7435 9685 5516 1797 908 3905 6775 3699 9378 8141 3805 7125 2811 835
32 3167 8302 2143 5757 2967 6119 1215 9466 4888 7275 5994 6179 3182 2568 1029 9941 9541 3256 6938 6869 1091 7450 165 7964 7888 5159 2267 1467 7281 6715 1230 1619
15 273 2538 368 1411 8905 4380 4702 9745 4859 4488 6959 790 4140 8648 3346
17 3444 6199 9012 1830 782 8368 6216 4749 9276 4636 8160 65 1591 8153 9181 5979 6152
17 769 3311 2335 5541 3199 761 6009 3729 25 5051 3415 1268 7702 4901 5876 3500 976
23 3696 9109 1392 582 5313 399 5122 6543 3336 1457 72 7890 5509 2692 1360 4732 5820 60 3140 9781 6944 9203 1015
35 9305 3257 3024 9926 6710 1627 7253 9842 1631 775 1859 2107 1799 6905 215 6680 7065 6363 6290 3893 8221 4919 201 4954 1382 3235 6796 2779 73 4162 6464 9198 7814 8178 6405
17 9563 3333 5112 9944 3795 5303 6526 9761 1023 7139 5198 3080 9786 1939 7335 3204 8789
33 2247 1228 6752 6711 5477 5012 823 9737 8667 1568 5462 7793 151 1911 1714 1597 9163 9704 7179 8318 2489 4708 1103 9253 9437 8352 8369 1894 432 1701 6853 6364 2210
22 4377 3147 5008 8601 5681 2218 6267 6773 7331 1265 5590 3423 6183 5531 9932 4741 8454 8255 4909 5046 9614 1343
32 6412 3049 5990 9845 8554 3116 4990 2187 1523 2108 254 1787 9790 3753 2765 2756 7735 2396 2943 3004 5257 4991 5151 746 3922 7717 1801 2843 430 4267 9834 5404
33 713 6150 4848 9620 3054 9127 2394 2386 1109 2884 4699 3896 4834 1532 6562 3534 3963 9709 9269 5575 8491 6561 2485 2226 2860 7056 3563 5926 5177 4269 8202 1579 3259
12 2135 5727 8979 825 9804 5593 2343 3556 4851 8917 8284 7061
9 2949 7108 6630 3494 5558 2996 6332 5969 1559
7 700 3294 4200 6255 5957 476 8397
6 8703 8020 5480 5463 6433 6113
11 117 3608 7113 5607 727 5925 4631 5066 8914 1366 1956
7 3442 6404 1778 6904 6038 5985 7343
15 7913 7097 2272 1428 2740 8544 4000 9055 264 4174 2022 7821 0 5821 9573
23 6695 7329 2642 7867 3594 6101 1746 97 6248 2246 2959 1907 1668 361 9674 53 3419 2868 7721 5412 8913 6606 923
22 1543 3527 8699 9806 2717 2330 1470 7672 4135 4745 3438 5068 8315 1950 7826 4589 8240 8411 7559 8090 4424 1633
14 6831 6329 1142 4207 1792 3051 6480 2543 2875 7941 5001 9998 1624 1000
10 6901 8024 457 1908 8940 161 674 6672 7075 389
4 6403 9636 2156 4796
32 3156 6139 2788 5540 9769 8085 6638 5830 5045 1257 5526 8952 4406 3846 8692 9444 1761 3130 2789 9080 6810 7095 8135 6557 6778 564 495 8762 5912 1966 2172 3478
2 2384 3246
31 8518 1609 8426 8338 7683 506 1647 9576 4371 7761 3930 6333 355 5092 6495 4430 3154 3000 6429 5233 1291 2195 5002 4201 3048 2237 1074 6731 1472 1261 7676
13 5769 5743 9469 2425 7444 9708 1173 491 6390 1552 5130 669 3903
22 9393 567 1973 4366 7414 8547 4357 4009 5320 8050 9605 7032 8600 7105 6564 5634 1621 4108 4510 7946 7597 8934
32 7040 8055 7792 718 4137 6173 1565 3623 3829 7234 6800 6140 3210 1047 793 6542 4251 3262 1666 2350 6937 5989 3716 213 6490 2855 8468 3670 455 3687 1473 2271
24 3855 6884 5996 5182 8682 4481 3190 704 5170 7466 6279 7407 8928 395 3474 5143 3470 1235 6505 8004 1058 503 5742 4339
29 1515 477 3424 7465 5566 3680 9527 1487 3393 2240 8562 6157 2844 2713 6116 9239 5741 878 7908 2027 6256 9391 7615 9067 9434 176 9775 7756 962
31 3371 1630 2401 9640 9795 2323 6222 4532 8988 2037 887 7879 3473 6312 8242 7893 2708 1616 6852 3034 123 1760 1089 3520 6732 9597 8735 2200 9176 4292 623
29 1992 3276 271 5535 1997 266 2178 4958 9846 4300 7679 2977 9358 9542 9867 9348 7292 771 2047 7371 7545 5916 2481 4998 5202 7836 3929 3781 7467
17 9325 7180 873 412 9665 8839 9352 1068 9279 7084 4061 54 2998 3134 6458 7739 8921
35 9675 7020 1995 1233 3783 241 5088 8300 7604 1220 9701 9823 7726 4539 9322 8749 4902 7397 1786 3684 4612 7897 6524 3440 2446 2336 5750 673 336 845 9499 7489 4695 8091 8957
19 6198 739 7117 9487 7668 6969 5082 9273 8018 2565 2397 402 4472 4964 728 2580 1320 6129 3491
13 7928 2603 8435 6765 6563 1474 5847 516 8494 6120 3216 1844 3749
2 8670 8394
36 6807 9852 3017 2181 7364 1443 9408 6476 9632 8533 9611 897 459 7817 7967 7998 1283 1345 2506 3359 6996 5910 4513 9386 5111 8633 745 192 6193 9794 1726 7722 5342 4641 7733 4846
30 4435 7687 3459 5507 5816 2000 4862 7344 6902 3499 130 6848 2722 740 4591 3277 9894 4004 903 8060 8322 5081 8456 299 1056 7660 3014 4977 7154 5108
33 8640 9820 1984 4196 9633 4613 1175 942 5366 2128 4347 2011 9694 7231 3498 7440 1790 8883 5052 7582 1493 471 7280 620 3109 4116 705 1812 8174 5316 8959 5563 6467
28 3869 2166 2957 4153 9549 8772 6966 4986 772 9234 3429 7080 3845 9264 4043 819 7328 8496 9534 139 1426 3206 1935 5817 702 7586 1892 2724
6 9449 3468 8502 6591 229 3644
11 4307 9052 277 7196 9763 644 8372 811 3994 3274 9317
6 3253 1384 6239 1223 9251 2486
13 375 2942 482 640 6141 7092 2696 4034 9964 2702 2541 8235 1439
17 8329 8209 4184 533 6842 3615 3038 9710 8555 1182 1700 118 1589 2393 959 8253 8332
20 474 6502 3891 1527 290 2982 8529 4119 8485 1896 7794 2766 3509 3173 8431 686 4915 6478 5186 2265
24 5868 9935 1697 4733 9681 3778 9070 4278 5702 6757 934 2885 7383 5103 2725 1952 1739 7268 3002 12 2073 4057 7042 9677
15 1105 4255 6082 3465 2374 4453 3610 5262 8974 6240 7626 7072 4974 2099 1093
31 1040 3826 206 5686 9579 1725 9950 7370 7727 7689 8105 7587 3449 5104 77 5271 386 238 9017 1732 5762 3063 6351 6330 7954 5937 8396 9390 4049 8337 1006
28 222 5237 8786 9575 7382 5187 8403 7135 4441 3305 4211 5770 1264 4669 4651 1638 3053 3796 6436 4634 5360 8829 217 9244 7247 9096 7786 6018
35 1005 4583 6756 9696 6316 32 1693 6380 6716 2115 1504 3476 3547 1501 3222 4237 1999 1125 4512 8381 9092 3283 2655 5420 5987 1099 6477 3771 3688 5790 8238 4348 5449 3087 5841
13 9550 3475 6589 252 3450 9908 575 8906 3508 7930 3599 1130 2951
25 3555 9985 2881 645 4099 2505 6737 7316 9324 4340 282 7021 7288 8680 3828 9047 5084 7348 3226 5275 1481 2258 9488 6518 1003
2 1135 7671
21 3578 3119 7918 4805 3356 5134 798 4548 2131 5251 2001 6057 2252 4896 58 4945 6623 7416 2529 5592 8217
3 5424 7325 9921
3 5693 8227 1582
25 84 7864 2928 6420 8155 657 8595 3165 9566 4293 281 3751 4898 6469 6948 3136 5638 8971 3142 440 7242 7069 5508 9906 5543
18 9140 6123 1251 5562 2769 8161 8006 2619 4952 4509 9365 2638 2579 6434 6073 6917 2408 5848
33 4894 9463 4624 9557 5291 6251 4872 1643 5610 3691 1368 7755 6939 1820 8169 357 6167 1302 2936 7531 9327 8930 6707 8170 9124 3658 8276 2836 9371 6112 1614 1052 2337
16 920 6658 8573 5777 3915 6615 1281 6762 8990 949 1271 5534 880 9361 1592 4941
19 6706 4781 4467 6066 9355 4407 5849 974 5166 1229 7050 9664 1356 4054 662 5435 5264 5399 1574
25 9799 9920 6327 5783 8259 9742 8243 9641 7564 4236 1960 2 3039 4330 1051 2148 1727 703 7313 5805 4526 5149 5736 7844 8000
14 7956 3245 5856 4225 977 9712 9429 2404 9948 4819 137 9006 2175 6517
35 2559 1860 4661 3544 4020 922 2105 6719 9101 9222 7532 397 5123 6838 8820 8289 4899 6975 5675 3010 4692 801 8041 1083 9966 8716 416 6323 3626 2492 6782 2238 9915 4018 8775
16 5717 9402 9602 9485 483 8575 8609 4070 1289 3344 1895 488 5688 796 6559 6400
20 2695 2296 1874 3181 4533 9225 5635 5350 4238 162 7526 2249 5432 8467 2564 401 6348 3838 5666 805
28 961 8459 2147 9104 5620 9064 4854 6698 3099 8956 5933 7898 8182 5730 4457 9480 3152 5785 5355 8584 2283 1092 236 5544 4363 7611 1713 5348
16 372 7230 3334 2382 3663 9923 1331 5457 9836 9438 1197 7806 7453 5127 8636 2983
28 7952 1024 7372 3739 7882 3839 9889 6426 5074 1389 9077 4219 5929 8961 6655 2960 5958 7417 6483 7549 973 7121 4933 2427 2369 5281 5825 3279
2 3654 8231
17 768 1637 6410 2896 6825 9392 821 3133 8296 9440 7366 9607 6231 4777 9917 7782 8402
17 24 5358 8370 839 9483 9848 4864 1798 1043 6317 8013 3287 8482 9714 7968 391 5931
12 4090 3005 8629 128 4107 9492 7663 1686 7387 2095 6344 1855
24 9084 8029 5710 4826 3842 8034 2033 6132 1110 7697 7361 1348 9208 4628 2151 7368 4266 2501 6176 6758 1654 9924 5612 2445
17 2869 5948 5369 7102 7787 1529 9732 2363 3884 5685 911 8053 7289 2441 6613 6011 5672
28 8962 7129 8198 6634 4940 8642 8761 969 7764 163 7924 8428 1395 5180 4290 6387 5810 8845 6010 7500 426 4928 2974 4134 6943 6365 438 9329
30 2356 3409 7224 4673 2934 9341 708 9539 7633 9089 6134 6808 9844 4443 366 1132 1371 1603 4727 6935 2194 7158 3162 9427 13 6099 5485 3378 8847 4243
34 4637 4885 3461 7086 4558 2651 6261 9972 9458 1521 7715 4714 1531 2901 6443 9141 6375 4718 7298 2931 1463 9086 3351 4280 9471 5223 1351 5930 6489 9398 2795 9909 3422 7093
30 4150 7512 5089 6338 856 6024 7916 3418 7513 2174 9226 5372 3799 2607 6619 5768 6451 9767 7781 8725 4235 1533 8003 1017 3355 1775 9016 6878 8577 1626
6 6115 902 364 3809 8156 9326
23 3988 6849 7546 4088 1685 8298 7933 883 5062 5133 9023 1914 3241 2841 7734 1622 4831 7408 1107 3548 5609 8714 7482
21 5885 4706 8832 69 267 9037 1537 4617 7456 3621 8288 7754 7865 3574 5992 8748 405 1882 7345 2183 978
3 311 3539 788
31 4379 1414 8715 284 3966 5601 9068 3122 1660 6218 9379 1639 5268 6513 6785 2274 7820 1450 214 2004 4026 7932 9788 3254 9217 6046 5072 9454 3275 5545 4592
22 7399 8489 7846 8440 6550 5228 6422 7643 6491 5356 4206 8103 8743 1415 9110 5919 9509 5669 8080 6911 4220 5659
23 541 6747 4630 6128 596 8995 1239 3785 9388 4113 3765 1199 5373 4978 7340 9902 1926 2834 4468 8215 2549 6846 3367
11 7561 5808 1869 4404 1201 3270 233 3635 9883 1214 1545
25 4143 4414 608 3875 5602 3701 531 2831 5622 1644 7048 1330 2054 2125 7599 8576 8476 4748 3223 1571 2066 1708 6651 407 4321
11 568 6794 2106 8254 2856 1460 1046 5553 4361 3679 316
9 4494 1170 9087 6836 6474 7686 5799 3760 6285
31 8950 7993 3176 1655 4782 2686 1845 7477 9158 2072 9228 2760 1448 695 4543 1709 1322 4454 6180 6995 9588 7973 2318 2361 8501 5319 7863 2786 3347 7057 2508
6 6228 2026 5748 802 7434 4887
15 622 6558 2690 5756 9457 8353 2640 7150 6297 4204 2636 8545 9091 1140 4778
13 1833 9128 7347 1416 2199 9351 5897 3143 4287 9290 4683 2677 9792
26 6541 7320 3092 4228 8681 6729 8273 6618 425 5099 9157 936 5709 1656 4188 8621 6858 4694 8833 3455 6588 5427 5270 5789 5961 5478
14 6961 1013 481 3605 4101 5036 8597 5579 9133 23 3071 5230 6919 9829
23 29 7471 409 5779 4372 3169 5382 7334 249 9571 3141 2034 2364 7706 7997 8853 5754 8663 1495 3388 6595 2130 3229
31 1664 3758 2198 5212 3666 152 2927 2217 1311 7729 6932 3811 5163 624 2546 4971 4963 8427 1167 2800 5893 4023 3023 7696 5871 3886 9154 2987 1204 3723 4725
19 55 8566 326 9562 2333 3493 4607 9364 4588 2186 5677 6828 1829 7251 9069 4412 8083 6603 2516
35 9523 5113 2681 655 9524 313 3784 9731 8631 2648 4689 6696 9479 4073 279 3568 8450 6629 9862 6736 7470 3237 5236 8364 7305 2628 1156 3652 1698 5407 296 8232 6229 2772 2114
7 9216 6110 9255 9815 7193 169 5982
21 9283 726 3779 4064 8219 1863 7692 6280 7777 8719 8753 5410 5787 2170 4458 2847 6661 1677 1290 5629 792
15 4842 4546 6200 2112 4764 8938 2075 6850 6391 754 4843 592 8599 558 2620
34 2576 9473 9965 3083 6742 7034 5751 6270 6597 876 9882 4068 8150 6833 1921 5258 4388 8649 8250 2371 7016 9009 574 6419 6017 9414 1126 4427 8398 2046 9668 5753 5884 8507
10 4948 7028 150 5712 4405 6026 646 8804 8303 8572
35 4346 7553 6192 4285 3036 8112 4123 4045 4227 7197 1338 7474 3874 6699 5470 3101 9420 3894 6734 9155 5490 2499 7571 6310 1806 8734 2188 7850 1585 2671 1683 3126 9560 9765 5020
26 1888 6493 493 5347 4396 8173 2368 979 1561 2933 6830 6897 8258 1485 261 8669 291 6653 4757 4922 3240 9787 2502 3975 1150 4955
30 734 6155 1252 1465 7208 3194 494 2407 8760 3285 9143 2400 1946 3137 3511 3391 8473 6184 3897 6014 5438 9502 5459 7059 1961 7123 9061 3480 1510 1247
15 3149 7704 7355 7149 868 4341 2701 3352 5918 1021 2877 3243 1764 8226 807
30 7119 7398 1054 5621 9949 4930 4756 8585 7931 1598 4125 3077 894 7904 9384 4191 4148 8776 4146 5142 1262 6445 5806 8925 9432 3820 8683 2069 4156 1931
28 4214 7210 4815 5892 5511 6357 6643 2320 379 4981 3592 5630 6574 6617 4890 7273 3595 2582 3996 1373 664 5749 3040 3273 411 590 8375 9304
24 7862 1111 2907 5632 4159 9136 736 4442 8567 7608 1853 6249 1703 7970 3302 5560 5657 3720 5845 729 6339 1958 4296 1562
20 157 6740 2649 6985 7856 2706 8058 3946 2315 8481 1073 2431 3389 9933 8340 6217 3856 5147 1823 8185
32 2986 1593 1959 8868 9610 6244 5437 230 7857 5256 194 8492 8218 8705 9422 3171 5938 4783 4740 1976 4572 6779 4229 9922 948 4996 4553 6507 5720 3514 9759 4891
33 297 2714 6208 2261 6048 6336 9647 2045 4327 9288 4498 342 2835 9785 9987 4698 9337 5097 7578 7875 9211 7027 8457 4434 51 7241 4841 7955 2287 1127 5714 3043 5865
14 1978 2079 3910 3632 4291 9209 2852 4798 7066 3909 987 9000 6238 4052
10 3103 5875 1208 2264 2990 6219 4210 9312 9076 7621
13 5341 8104 5285 6425 7464 7291 5096 6291 5515 9956 4311 8862 6111
26 2912 945 7637 5663 2470 7256 7808 3901 193 6885 6103 2086 3761 275 8383 2829 543 8166 9643 9533 8199 6556 4198 3711 6230 4325
16 3281 9137 8328 2056 1913 5241 1246 7071 480 981 1270 5044 7039 6626 7784 5174
15 5716 9452 200 7602 2338 381 1910 7684 589 2588 3020 4390 3887 2223 7681
14 957 3029 3490 4705 9738 7479 9186 1623 8879 3630 3586 9782 7783 6533
7 6724 1192 1670 4189 1731 7590 4750
25 445 4352 3338 9896 2417 9994 2341 1819 7819 6083 8933 6431 1011 9893 4465 1795 885 7029 1658 9123 6294 759 5944 7881 6227
26 3693 5213 5554 935 7152 1509 4415 8895 3877 594 7250 9969 2282 6555 5633 3517 1974 9088 6506 3613 9413 4563 4886 3656 3042 4310
15 2020 400 8835 7934 5267 6313 8094 6098 5451 3673 5879 2057 5094 5801 7773
30 8395 8739 5214 3717 7312 2235 4297 2997 6967 4744 8500 2467 2670 5004 3447 946 3387 3081 9245 4095 8712 5775 1848 8866 3113 6624 3665 9703 4918 2509
34 2008 9595 5205 2305 172 2799 6182 617 9242 5701 2667 2525 5514 8237 235 9498 8549 2204 5984 1814 3521 5542 647 9762 7074 1149 9967 5599 5395 9168 3928 4568 7215 4042
21 8406 2784 7249 4202 4587 5135 1762 6484 4449 319 1203 3428 953 5519 5259 1394 2197 453 1990 2325 6753
32 5598 7082 4665 6012 4869 4659 9262 1256 5803 3675 396 4247 6677 1004 7627 776 8863 3567 500 4870 9456 8885 7338 3844 5745 360 6080 5476 5855 7976 1210 8480
7 3030 3170 4507 9954 7910 5953 4120
27 3471 842 8224 1994 665 8796 1557 5422 6196 6272 709 1937 5021 4209 8916 678 3948 2837 6444 2634 6679 2365 6860 4936 9501 7694 3861
28 7141 8323 565 9654 3220 8379 6013 5116 8953 8193 1255 3645 8661 5098 94 1388 8469 7623 7518 8114 6725 5037 5456 6685 234 4305 7393 8147
27 8102 8277 2605 1723 1684 2059 1294 9561 4355 4653 2630 5664 1012 5529 8136 5396 8264 2269 3864 7089 3084 7509 5726 8861 2993 831 8870
23 8840 627 1955 989 5351 7211 6814 5043 177 4331 3531 8694 1179 4677 1934 2910 7178 9270 2796 2189 8475 1119 8330
27 585 4260 2566 448 7579 5344 5679 1431 7091 8516 8811 8779 5167 2947 5950 1615 6760 8684 3899 5867 1014 7577 3158 4160 3836 9776 9887
13 268 9412 2440 6771 3789 2473 115 8062 4528 446 5312 5536 4124
14 4495 3976 5626 8042 7840 7665 3904 5310 7829 716 544 2557 6463 5883
14 1353 1852 9631 1777 607 380 4696 9812 2680 5959 4690 2319 7972 1327
16 5406 6877 3129 1843 6764 4035 2585 9564 5405 2809 5219 536 2804 2241 3341 7713
27 8342 699 4761 6340 8191 2578 7425 4828 5608 4426 1747 7757 103 1342 6636 5550 7835 2038 9755 6792 9439 6194 1576 2457 2253 1573 7252
20 5649 3325 5301 8534 5694 4569 7062 5401 4678 7514 5703 9772 7591 393 7974 4180 2372 980 8949 2597
31 7640 4511 3821 9254 7380 225 7171 3532 4270 1211 7830 7624 2601 2535 5872 4518 3416 6171 3406 7708 5568 1965 6510 2428 1333 8942 4215 4122 8561 8722 3120
13 1528 3138 730 7567 7442 1667 5690 2802 691 9655 4857 2346 6441
14 583 3849 3512 4245 1587 3290 4792 4398 2558 1117 5105 21 1048 1339
25 2941 166 8309 417 4656 5642 9033 1745 9962 7301 8214 8159 387 8064 3323 7566 1964 7917 1606 331 3506 1361 1694 2005 1022
19 8204 2123 9030 1326 330 4541 7745 8245 2439 3625 5986 1736 5530 9261 4562 5414 2650 9529 1284
34 3025 8848 168 3445 8035 1436 5915 8801 3432 8511 4378 7570 2437 7507 2950 8689 3545 6105 3935 6612 1124 7240 9590 3189 5595 6421 7606 8685 5613 3931 5361 421 5978 7111
31 1735 2512 2657 4830 2741 8652 382 5941 7749 9022 7842 2978 3977 4997 3878 4038 2085 2785 3582 3001 8206 571 4934 6950 3184 5644 5162 7002 770 5606 749
29 5304 4537 9543 7874 6903 8059 832 2776 159 4477 40 8638 1364 2042 2923 8299 3841 1818 6325 6226 3407 6049 6690 1662 4808 3180 9494 8552 2300
14 4829 6793 2476 1155 1216 4303 1680 6250 70 4041 8279 9005 7825 3458
28 741 7451 3786 9680 2635 9130 4017 7762 3974 508 7691 9192 7296 3339 1468 8593 9783 6728 2213 8920 3484 4925 9519 1594 2689 4823 1350 3380
34 5381 1651 428 1386 6356 6537 7558 2810 388 7205 5804 3201 8603 78 2859 2205 9268 7723 1781 9856 450 3019 5469 5065 7184 2623 7896 1136 7772 5854 4962 840 2410 8850
23 9979 5572 7379 8973 9639 3466 9272 1259 3689 5763 6847 9594 2621 1157 8837 5643 8867 108 6158 8908 5179 8120 3588
3 8559 9459 3911
3 6321 9021 7304
8 3743 7116 6307 7870 9002 4139 4639 1880
14 9581 1090 5307 5156 7043 4006 628 6368 3715 4501 522 2815 3631 8154
9 1269 4387 7255 1272 6703 4615 896 4027 3224
7 6039 4965 7420 2816 2097 6899 9520
12 8520 3384 6003 933 9872 1352 300 178 6579 3258 7613 8891
25 3457 8449 1970 9657 3818 907 1768 3624 7267 6868 7635 3713 5966 4822 2522 167 7 3412 1759 2488 110 652 5683 4432 5125
34 8728 2742 4980 3565 9190 475 5409 2119 4623 9054 777 3308 4654 6713 2955 809 6816 9774 4067 9175 8526 8828 2201 1712 7170 5960 4753 5175 9599 8275 8519 20 3128 2813
29 4687 6164 8521 4376 9179 6399 8800 9729 4776 15 3722 2805 285 6827 1596 2403 2493 3642 3587 9126 3033 6592 6673 2637 2908 926 4911 4490 7953
13 3564 4170 4686 8110 6893 3315 4944 7221 138 586 1861 8605 6384
20 580 2230 8351 9735 5069 4403 7642 4724 711 4638 3851 2234 3225 6687 7151 7985 1115 8106 2794 8022
11 6649 8376 2718 2749 1312 2890 900 8001 4951 9227 7527
9 61 9246 7648 6029 8856 7883 3433 9897 5903
19 4788 5487 435 5917 8876 64 9195 7118 7216 106 3086 1274 8503 9025 3107 1226 3664 9309 9536
15 5161 5654 5425 9947 9512 2981 9624 1424 9248 6156 6522 5482 1042 6090 8865
31 6456 4223 8207 5240 4658 2653 6805 6832 6925 6751 8659 8926 1391 5523 5532 4092 1988 4619 6813 9663 9293 6890 2624 8222 7617 9875 5718 9552 5596 7459 181
21 8179 5744 9078 9349 5597 6079 4943 9308 49 859 1244 9210 8130 4242 8327 8461 6750 8308 4987 9796 1929
31 6952 9495 9382 511 8445 5660 369 7503 7488 4550 1396 484 5023 7351 2051 7982 5587 2295 6126 2666 5261 9115 2562 5570 8570 5889 2914 1488 3984 2329 9281
32 7877 2899 3368 951 9164 9819 4007 8951 2304 7448 9516 7629 1008 3079 6708 9321 9221 6047 2139 2995 4333 3917 5102 8565 3248 5935 1153 5047 5499 9399 9749 7356
7 7799 3208 7631 5732 6523 8306 6521
20 489 8073 8434 7710 9538 1355 3124 3102 3609 2164 7145 7920 3007 3070 5073 7650 613 451 8771 9693
37 9207 5818 8902 8285 6392 2409 1902 7276 403 444 5764 9720 5907 9300 7724 5473 8007 9706 7462 8539 184 5419 8524 9739 6075 205 1036 7302 7593 1617 4129 1044 6914 9461 3172 9753 3313
15 8184 2110 7497 576 3801 5997 6394 9250 4721 8483 2878 2858 4759 4273 7601
25 8420 6851 1218 6475 4493 8665 659 9837 3146 1584 2043 6203 2359 4144 2443 6314 6976 6720 8894 7269 879 685 2618 3857 6342
30 8675 8792 6245 8187 2482 6896 8523 5193 636 1459 7659 6326 2084 2555 2093 570 6328 3413 4640 8899 526 8036 2888 4484 6934 3041 6401 1462 7983 5232
33 6424 9996 3510 6984 1 1733 2930 1441 3524 2969 9496 8229 3646 1282 6769 7403 8115 1298 3282 185 5707 6055 9343 8818 6468 4797 3950 9580 3853 9637 1158 8980 1808
10 5245 2641 3381 3536 5687 3504 3337 2683 2880 6817
10 6160 7357 7430 956 8192 2533 6086 2227 4416 9476
2 7468 1744
24 1866 4648 3403 7554 3319 9118 5766 4063 5914 6548 3300 9331 4322 7107 8186 6759 8907 9857 7480 3804 8537 1397 9467 2669
9 3692 6377 5475 7183 390 131 7038 5362 5758
14 8578 7194 7832 2003 7851 5030 5197 1526 6700 5363 1225 8527 2659 1646
13 9121 4773 6964 4504 899 5811 8452 5434 7481 535 8939 9517 6096
29 1993 5517 8588 7226 7994 9684 1098 81 7037 4473 1681 7192 1266 3072 7547 3234 5000 6949 7159 3834 7127 6236 1938 3488 7530 7079 2922 8046 6241
16 3239 1635 8040 6058 6503 9171 5628 2753 6587 6374 6367 7271 350 8014 8571 5616
11 9901 5721 6547 4957 4585 8615 7263 6359 6243 1067 5138
17 7911 2838 3541 1628 7190 5428 4786 2979 7837 4213 6727 1748 3694 6953 1116 2414 5071
23 9411 8774 1313 4629 2984 8266 365 538 5211 9460 9442 2526 1310 1375 4579 3519 5325 2257 2521 7385 265 2593 2134
7 1563 8493 6861 914 909 9914 5471
31 4882 2711 47 5627 5674 9165 6956 3952 2867 1692 1292 4772 4087 1308 800 6528 6667 5448 344 8068 8234 7421 9094 5980 3431 8183 8558 3971 9876 4904 8119
24 5902 3572 9869 6430 633 546 1943 8407 3782 2909 1774 2808 2438 683 515 8304 8872 5733 1401 4389 8810 548 8417 3638
12 7229 9503 3200 4520 6006 9415 7688 8809 5977 5439 8384 9990
11 4066 2748 4717 174 7031 8508 2349 955 1758 1137 2530
20 6965 3396 2992 2577 8546 2693 1435 1982 5877 3186 5863 9423 1385 3301 4610 9808 7051 9601 6 5225
30 610 661 9830 6645 1365 374 3203 2652 5009 715 8843 320 3959 3505 8335 3481 6660 8729 5759 3363 7736 5924 5814 5242 9120 4760 3671 2822 8770 2848
19 7318 499 9754 5136 2739 8389 9063 8515 2301 7869 5311 7300 5119 4531 1514 6246 472 9721 5244
12 2429 5060 3991 950 9180 7134 8263 8075 4117 1429 8746 9287
12 6633 209 4011 9798 8132 1120 6998 4193 3637 6242 8311 3698
26 2278 2915 7666 1755 9202 7278 2406 4989 550 6301 4515 3011 7009 3919 1469 4597 5164 2965 3132 6516 148 3179 9206 2450 8726 707
30 2774 3196 1267 5888 5503 3721 1346 9809 4105 3227 938 490 2694 9821 2137 2560 4486 6130 3379 1567 1648 7767 8732 6108 322 7073 8278 4451 5273 8113
5 9020 2293 8157 2573 5891
8 2418 8598 4672 8196 6993 653 2251 4865
32 9291 5393 8382 9757 1601 6886 595 643 9073 8339 1716 1871 670 1840 256 5389 7217 6042 5767 6337 4960 6264 7264 6990 7185 5774 4632 8012 1025 5581 1751 7182
34 9626 7319 4246 4938 5263 9035 7010 6237 7516 7045 1930 5417 7750 4033 5911 4712 8294 4771 3353 2542 5505 5927 2563 270 5722 8802 9174 4707 7752 667 2905 4697 8008 6060
12 9187 6735 9011 6498 7922 2900 8037 9263 1475 9031 6190 7568
30 8509 8978 9144 3566 9617 4503 578 8827 8815 3570 1471 6262 2532 6175 356 2719 3446 5421 7326 2871 858 4737 44 7667 4438 1586 424 869 8717 7112
18 4586 1489 6125 2916 7209 2673 3867 4853 2248 9724 7680 4660 7132 5216 3372 983 2378 9515
18 4644 2209 5026 4992 8969 2433 7800 45 4030 4614 4216 4508 3681 2953 7257 1699 3012 1139
4 2327 5983 7854 5501
16 4098 5006 199 98 3414 9410 871 8851 6106 8918 6857 6211 7935 5715 1027 2376
2 7227 7376
35 6694 513 4863 8747 6705 2613 3482 2790 2906 7592 8148 1612 2052 9333 863 5292 6940 2398 7790 2242 4625 2483 593 4743 4754 4556 8386 4927 4393 7138 4755 8612 5390 1887 4538
13 219 7585 7236 8348 2207 8860 189 5394 7809 5492 8948 6322 4716
2 2176 932
37 1815 6741 2399 2442 8504 1349 7411 1169 514 1455 7984 5567 3710 3425 9328 5039 7266 5692 8416 278 7505 8764 2994 528 1941 4701 1919 6355 2127 9955 6895 1987 6675 8211 4197 9004 8054
27 3008 3160 248 57 8791 354 8151 9833 4491 2048 9167 6684 4559 8048 3164 2317 1740 8399 7644 9931 2347 1659 8267 8589 6448 6665 3737
29 5222 9556 3602 497 2937 7595 7988 2122 6681 2561 7788 7651 731 195 9688 8846 6432 4600 4542 7517 5555 755 3733 8123 7311 9334 8582 2276 3569
5 8271 7779 3292 3725 9360
19 9670 4635 6718 7884 2751 8992 6276 2030 9606 7639 182 7052 4795 1141 9850 4923 5077 1805 4142
30 2944 5282 3879 4643 9475 91 3062 4328 1710 1417 7987 6921 1810 8334 581 5217 363 6947 3649 5873 5828 7295 8165 8216 7834 763 170 3880 1437 8171
29 6361 5049 2973 830 2041 92 4913 5100 7770 3754 4566 2479 4314 6578 4810 8954 7598 7201 7584 651 4367 9339 1144 1379 3712 818 4790 4799 3812
2 3321 362
3 3647 7678 5653
30 8564 245 4050 3026 4704 1676 5452 5708 8550 7701 7142 964 8360 2256 4681 420 414 5333 3769 8751 191 4983 3523 913 1295 9555 5682 4013 5547 1288
3 7716 6154 7795
19 113 6053 1904 7337 7232 102 6213 4356 9963 6865 5221 4329 7992 5057 6007 1403 1254 9938 1813
15 6913 212 8955 8742 9159 3434 286 6566 8125 1922 1007 7163 4530 722 939
31 6607 9544 6409 378 7096 4274 5564 6056 9687 6386 8814 4903 2956 2299 1629 6854 2360 5 5772 6781 8608 8880 7283 4671 2326 1972 6496 4506 6087 2586 9719
11 3168 1524 2216 8831 6580 7746 7169 6163 3648 1376 3848
32 2313 2422 6536 2132 2999 4171 1613 1168 1458 3421 2948 8312 7381 5176 2854 689 4044 1317 4881 5140 2367 5339 551 5945 1028 2050 4735 3612 7405 5776 616 9472
6 1724 4935 9628 8093 8071 2767
16 5402 3989 1206 8998 2025 283 153 3763 5171 6382 532 8975 9451 3559 797 7115
24 6900 5500 4482 6034 4021 9645 2556 463 8620 9784 5042 3593 171 2311 9403 4373 6525 1858 5506 756 6958 4994 2886 6260
29 2507 1010 9289 66 3669 6161 1393 3561 5527 6920 8099 2611 3501 1053 6174 4097 632 4425 787 124 6936 9148 3106 7290 648 8078 2243 2750 2165
26 5343 8548 1276 8637 3398 3993 1886 2126 2675 5809 8239 6622 7130 1328 3437 1154 8354 2617 2895 1131 1940 1479 4181 6650 1951 2117
30 3667 9559 4016 849 415 952 9028 7562 5323 1166 6883 6165 434 6366 2040 9583 8387 7012 8305 5496 9697 4183 3094 3456 9661 9007 1540 1602 1652 7214
8 554 4084 9586 2464 1232 9394 6544 7391
7 7088 4836 881 8542 3507 6462 4471
12 8587 4833 3105 4973 8421 8806 2453 2477 4301 1085 2691 321
13 6418 1674 3426 4657 4914 4555 46 930 4130 8506 7122 5141 2770
35 9698 4794 7572 9743 9065 3949 8272 7187 2314 2612 3075 7222 4564 6253 4217 9428 999 7720 5139 5195 9506 9618 765 781 2733 5740 5203 6092 1336 504 8943 3965 4554 5652 6063
22 8698 530 498 164 7162 1152 8970 843 7415 4224 5725 6726 8903 6137 9863 5032 2873 6776 5524 6091 6233 8730
11 6780 9627 3073 119 4141 3232 5557 7176 1831 4317 3028
14 6767 2118 135 35 6398 3477 8785 1864 6197 1785 7359 1377 343 1242
27 6044 9666 5017 4003 3583 6584 7191 2797 7103 509 4784 8097 3163 2144 9085 7090 2381 8405 36 8365 5178 2298 9650 5760 2839 5265 231
14 4056 9267 1200 5668 5650 1324 1263 6744 9366 8592 8944 2496 6037 7432
13 2531 8462 8816 846 7246 1146 4439 1542 3558 1928 8260 1293 1636
5 3410 6296 3840 5091 6644
16 5881 2074 9353 9135 7636 8378 5713 5962 6094 3986 4840 9302 5385 1163 5513 3286
7 1879 3362 6319 2155 4590 7439 9803
15 8086 5189 601 3537 1369 5951 9132 9357 1947 2023 5329 3295 2874 8904 2887
35 8189 9320 4703 9871 2731 3732 2434 1453 1942 3798 3790 2846 7949 4121 3776 9237 1566 5168 2646 6691 1434 9616 2028 1696 8777 7892 1877 7833 5150 9145 6693 1195 3860 8098 8044
13 2828 3773 6942 2212 6980 7238 7981 8541 706 1547 3589 8499 2610
37 1794 7406 3066 7690 2140 9537 8118 2661 8909 4089 1193 808 1464 5442 8268 4688 9043 7872 9233 6928 9899 496 9029 1691 1957 1380 2339 6598 2746 9971 3943 9891 1425 406 5398 7758 795
13 7849 3317 7557 3885 5678 9375 6133 8782 9817 6610 3837 2845 9831
13 394 4575 6360 1500 4953 6089 3770 4195 2290 3230 101 7980 3883
31 6269 7638 7876 2639 992 7342 5861 6746 7903 698 8031 4265 2062 83 7753 8162 8709 1749 6124 4728 8677 140 1398 6461 4350 8690 8884 1082 4203 6271 8371
20 6843 6669 5699 4250 5539 4318 5287 5426 4031 5076 3859 8026 8788 9699 9266 1287 6981 906 1570 2840
27 5027 9401 1518 507 7912 120 3657 9980 7822 5380 6181 6581 7510 7536 7886 1780 8634 5588 6022 8333 6761 3492 6968 2211 1645 325 1134
26 7709 41 1503 9314 9497 5695 3451 4497 1309 5070 8721 8470 991 9718 2190 7063 9470 8439 6315 7388 2466 8107 9895 4500 6514 8900
4 7188 1121 1399 9997
13 1332 6879 9072 764 4275 7839 6553 9336 7831 9311 5029 2090 5063
6 4475 9813 1986 3114 2660 9569
23 7064 2495 6567 9751 5124 7778 4470 6306 836 3269 305 9119 5128 2389 9201 829 9271 289 605 1849 9827 2312 6997
32 8213 9316 9105 1491 1106 7785 4713 629 7081 9553 2548 5305 2345 1236 7999 7454 7966 738 1183 4950 3955 6347 5826 6770 6986 6311 7951 3522 2853 6933 9374 86
19 6912 2184 1918 8704 3525 346 8977 4262 3876 2294 966 4633 1161 1822 7603 9389 8201 4158 8897
29 8787 5887 7277 1079 4605 8101 9232 3731 6223 2370 6423 5005 3832 6025 855 198 8126 9108 985 8778 5928 5467 7035 7390 204 9635 6978 8321 3969
16 3697 5295 5711 2919 1985 886 2842 7907 5101 4921 6235 3145 3752 7855 4578 6960
6 4536 4910 780 9018 7110 1452
10 6656 1564 2537 2245 7494 6078 2355 105 9377 2049
